/*--------------------------------*- C++ -*----------------------------------*\
| =========                 |                                                 |
| \\      /  F ield         | OpenFOAM: The Open Source CFD Toolbox           |
|  \\    /   O peration     | Version:  v1912                                 |
|   \\  /    A nd           | Website:  www.openfoam.com                      |
|    \\/     M anipulation  |                                                 |
\*---------------------------------------------------------------------------*/
FoamFile
{
    version     2.0;
    format      ascii;
    class       volScalarField;
    location    ""10000"";
    object      g1;
}

// * * * * * * * * * * * * * * * * * * * * * * * * * * * * * * * * * * * * * //

dimensions      [0 0 0 0 0 0 0];

internalField   nonuniform List<scalar>
3000
(
-0.10151401381685554
-0.1015139312259769
-0.10151374273762151
-0.10151346624707513
-0.1015134010549533
-0.1015134367503424
-0.10151343136903537
-0.10151342781932705
-0.1015134248126167
-0.10151342288191886
-0.10151342298464891
-0.10151342500500041
-0.10151342855132492
-0.10151343273576116
-0.10151343704486128
-0.10151344124068885
-0.10151344519308184
-0.101513449231967
-0.10151345388095367
-0.10151345902137862
-0.1015134647437683
-0.10151347266719378
-0.10151348648364152
-0.10151350698459732
-0.10151352511462716
-0.10151353129989332
-0.10151352963128002
-0.10151352308503588
-0.10151351366320603
-0.10151350279656914
-0.10151349139703314
-0.10151348002288219
-0.10151346902217104
-0.10151345862250788
-0.10151344897104779
-0.1015134401421661
-0.10151343215620469
-0.10151342535416605
-0.10151341939867901
-0.10151341420136299
-0.10151340972506058
-0.10151340592988665
-0.10151340409723164
-0.10151340270044398
-0.10151340158899946
-0.10151340074021716
-0.10151340013207996
-0.10151339972357742
-0.10151339950741016
-0.10151339945398696
-0.10151339954018107
-0.1015133997441189
-0.10151340004094572
-0.1015134004176531
-0.10151340085199208
-0.10151340133363708
-0.10151340184762032
-0.10151340238082321
-0.10151340292075738
-0.10151340345503798
-0.10151340397155659
-0.10151340445784492
-0.10151340490113323
-0.10151340528809528
-0.10151340560443295
-0.10151340597687167
-0.10151340622688382
-0.1015134062688558
-0.10151340608336767
-0.10151340564287023
-0.10151340521698322
-0.10151340460382965
-0.10151340380932317
-0.101513402868532
-0.10151340182906415
-0.10151340086098287
-0.10151339988770632
-0.10151339948956778
-0.10151339947852119
-0.10151339966402081
-0.10151340016364858
-0.10151340118623603
-0.10151340295024625
-0.10151340578128809
-0.10151341314917489
-0.1015134230060577
-0.10151343552890223
-0.1015134497407876
-0.10151346426293145
-0.10151347976945156
-0.10151349764631297
-0.10151352342762844
-0.1015135707161894
-0.10151369620627933
-0.10151391188029468
-0.10151426902126091
-0.10151473644454756
-0.10151492482794311
-0.10151462999693467
-0.10151422636334606
-0.10151461634437503
-0.10151469517222984
-0.10151435312454599
-0.10151416305991139
-0.10151430598971983
-0.10151363806013651
-0.10151345575547564
-0.101513520559363
-0.10151356556447132
-0.10151363191281014
-0.10151368599238116
-0.10151371011256956
-0.10151372601374421
-0.10151375170892346
-0.10151378164049234
-0.10151381718320603
-0.10151385913898409
-0.1015138975596851
-0.10151391842700974
-0.10151392017418
-0.1015138900219864
-0.10151382017310538
-0.10151369872357822
-0.10151356921016245
-0.1015135280394049
-0.10151350161410692
-0.10151347932392693
-0.10151345788658728
-0.10151344207870576
-0.10151343019646955
-0.10151342138474662
-0.10151341444858243
-0.10151340906505134
-0.10151340533695553
-0.10151340386216745
-0.10151340305768335
-0.10151340290314315
-0.1015134033760694
-0.10151340447287999
-0.10151340661190734
-0.10151341087231058
-0.10151341619861168
-0.10151342259839849
-0.10151342995521684
-0.10151343878634128
-0.10151344842635535
-0.1015134587516604
-0.10151346990311826
-0.10151348150981637
-0.10151349374205904
-0.10151350659370392
-0.10151351995644756
-0.10151353377816842
-0.10151354764998263
-0.10151356209563592
-0.10151358365025547
-0.10151360690855567
-0.10151363026363776
-0.101513653607217
-0.10151367681724997
-0.1015136997934007
-0.10151372242309993
-0.1015137445954548
-0.10151376619246912
-0.10151378702291991
-0.10151380678522619
-0.10151382288302935
-0.10151383380835159
-0.10151384087492832
-0.10151384384518448
-0.10151384208374459
-0.10151383515007062
-0.10151382240918268
-0.10151380304113863
-0.10151377413837838
-0.1015137422810069
-0.10151368227639251
-0.10151368776583279
-0.10151370293493445
-0.101513708133721
-0.10151371360619695
-0.10151371458748995
-0.10151372099522292
-0.10151373346608501
-0.10151375480316725
-0.10151378634218972
-0.10151383198283437
-0.10151389793072345
-0.10151397575665466
-0.10151405582648951
-0.10151412768358625
-0.10151416553371545
-0.10151415398146628
-0.10151409015365931
-0.1015139479553721
-0.10151371448592038
-0.10151355206823895
-0.10151356338931894
-0.10151377274421734
-0.1015141360279924
-0.10151384601750685
-0.10151386843323475
-0.10151395410070406
-0.10151408083965702
-0.10151456206099632
-0.10151634972183561
-0.10151588643592235
-0.10151373806860405
-0.10151342829940417
-0.10151339948258156
-0.10151340643470291
-0.10151342303899671
-0.1015134322984523
-0.1015134367952857
-0.10151344203054832
-0.1015134502004209
-0.10151346206195785
-0.10151347523367753
-0.10151348225245349
-0.10151347908429567
-0.10151346738297416
-0.10151344611848523
-0.1015134148991212
-0.101513400844246
-0.10151342701570805
-0.10151347622775524
-0.10151351527873995
-0.10151353989377687
-0.10151355704911062
-0.1015135728388529
-0.10151358864723622
-0.10151360175668198
-0.10151361321195082
-0.10151362365326207
-0.10151363340342427
-0.10151364284888208
-0.10151365233131017
-0.10151366190205574
-0.10151367182781383
-0.10151368198615117
-0.1015136928499543
-0.10151370397848958
-0.10151371616129311
-0.1015137282019831
-0.10151373930605223
-0.10151374970375183
-0.10151376121951368
-0.10151376845705316
-0.10151378127155081
-0.10151379503667621
-0.10151380973120872
-0.10151382517363922
-0.10151384135951237
-0.10151385809119243
-0.10151387555441352
-0.10151389347399113
-0.10151391200481061
-0.10151393120549076
-0.10151395104925565
-0.10151397157708486
-0.1015139928885392
-0.10151401507288924
-0.10151403828778421
-0.10151406274330982
-0.10151408873215106
-0.10151411667642649
-0.1015141472174032
-0.10151417950213627
-0.1015142071647101
-0.10151423565369887
-0.10151426650942393
-0.1015143004504356
-0.10151433879550949
-0.10151438199634175
-0.10151443138467992
-0.10151448600824903
-0.1015145487982954
-0.1015148184441378
-0.10151498520467096
-0.10151491821629317
-0.10151479770121324
-0.10151466378110748
-0.10151453062230212
-0.10151440769003935
-0.10151430402162767
-0.10151421862401916
-0.10151415692278155
-0.1015141313558845
-0.10151414108548315
-0.10151417400911615
-0.10151421588759814
-0.10151423160379577
-0.10151419305442207
-0.10151412449208279
-0.10151408564818218
-0.1015141254294288
-0.10151400332858296
-0.10151350601178746
-0.10151343150516615
-0.10151361831861304
-0.10151350087866245
-0.10151350638279864
-0.10151369242998443
-0.10151395871803862
-0.10151429431222793
-0.10151542942175476
-0.10151739522672974
-0.10151774596303566
-0.1015155162718578
-0.10151465798774888
-0.10151420642961569
-0.10151394730926758
-0.1015138027204221
-0.10151369890916136
-0.10151360138080212
-0.10151352978186198
-0.1015134800976491
-0.10151344228921333
-0.10151341988933289
-0.10151340900522278
-0.10151340471205729
-0.1015134053636788
-0.10151342562263695
-0.10151350114242286
-0.10151366632455107
-0.10151381554258783
-0.10151391261396098
-0.10151397292651264
-0.10151400989833356
-0.10151403240760397
-0.10151404564339792
-0.10151405290264595
-0.10151405648259788
-0.1015140575502479
-0.10151405666031381
-0.10151405468917135
-0.1015140522497361
-0.10151404944462579
-0.10151404695809939
-0.10151404402674558
-0.10151404231583144
-0.10151404007811024
-0.10151403566684583
-0.10151403046245604
-0.10151402224138997
-0.10151401551509673
-0.10151401256931813
-0.10151400952684979
-0.10151400905716265
-0.10151400889914602
-0.10151400971312861
-0.10151401140325558
-0.10151401396940227
-0.10151401735300664
-0.10151402134381311
-0.10151402576135958
-0.10151403082695008
-0.10151403656808254
-0.10151404299382853
-0.10151405016629796
-0.10151405807214864
-0.10151406691701062
-0.10151407683653706
-0.10151408797686717
-0.101514100720996
-0.10151411552846101
-0.10151413307233073
-0.10151415398238844
-0.10151417864148529
-0.10151420403235968
-0.10151423549885569
-0.10151427431638535
-0.10151432328973956
-0.10151438499200485
-0.10151446495085459
-0.10151456307746434
-0.10151469885102873
-0.10151494914801545
-0.10151520566494261
-0.10151531996014163
-0.10151532630370633
-0.1015152620363415
-0.10151515994223914
-0.10151504125983334
-0.1015149197741335
-0.1015148052281956
-0.10151470832339357
-0.1015146487597696
-0.10151464401532749
-0.10151469423259651
-0.10151479748550939
-0.1015149405739576
-0.1015151043159499
-0.10151530087716494
-0.10151555001585015
-0.10151572032960919
-0.10151526528601035
-0.10151417466129145
-0.10151352671512413
-0.10151347571062919
-0.10151345784210809
-0.10151347669750524
-0.10151367487131388
-0.10151394699848472
-0.10151415919331669
-0.10151468353037989
-0.10151592748696825
-0.10151746414864811
-0.10151828509935941
-0.10151671423573799
-0.10151584830701245
-0.10151531123004573
-0.10151500413525573
-0.10151473258113541
-0.10151446496074984
-0.10151420165059494
-0.1015139608879947
-0.10151375934953498
-0.1015136150970305
-0.10151353999273938
-0.10151350848394156
-0.10151350347121463
-0.10151354651379993
-0.10151372592387582
-0.10151399169483724
-0.10151417761881686
-0.10151431414888672
-0.1015144020075462
-0.10151445689020984
-0.10151448905607943
-0.10151450558255334
-0.10151451197611494
-0.1015145118914109
-0.10151450735592117
-0.10151449909318241
-0.1015144887808621
-0.10151447681797153
-0.10151446403897288
-0.10151445228357184
-0.10151443754944546
-0.10151442126070714
-0.10151440324804493
-0.1015143818097886
-0.1015143622171585
-0.10151434500050231
-0.10151432904964805
-0.10151431500775344
-0.10151430229689441
-0.10151429099175392
-0.1015142798456151
-0.10151426967204737
-0.10151426054357651
-0.10151425249460373
-0.10151424550856726
-0.10151423927589716
-0.10151423356389912
-0.10151422870052623
-0.10151422459022627
-0.10151422132819962
-0.10151421890690773
-0.1015142173744296
-0.10151421688507099
-0.10151421758158691
-0.10151421963410083
-0.10151422353037506
-0.10151422968286945
-0.10151423877889863
-0.10151425142858388
-0.10151426909549618
-0.10151429042939111
-0.10151431776325937
-0.10151435353745417
-0.10151440019110458
-0.10151446196186201
-0.10151454401922347
-0.1015146473328652
-0.10151479071453738
-0.10151502192775198
-0.10151531228242333
-0.10151555412247384
-0.10151572105552864
-0.10151580823095056
-0.10151583502189408
-0.10151581937476895
-0.10151577547168794
-0.10151571762989872
-0.10151566516449678
-0.10151564887449376
-0.10151570625436948
-0.10151585635594938
-0.10151611199550821
-0.10151647328960096
-0.10151689859507992
-0.10151733360176814
-0.10151764833718879
-0.10151749449601473
-0.10151635578132384
-0.10151467812773897
-0.10151368655114645
-0.10151347500596497
-0.10151346759877239
-0.10151350127753876
-0.10151371881333589
-0.10151398809808879
-0.10151411532053976
-0.1015143756250059
-0.10151498676400308
-0.1015161583618295
-0.10151746471636273
-0.10151816685161508
-0.10151771822033065
-0.10151679767635455
-0.10151627537289595
-0.1015158324521496
-0.1015154316537143
-0.1015150268899956
-0.1015146425018979
-0.10151430799434298
-0.10151405462433816
-0.10151388304291915
-0.10151378132802658
-0.10151375365528324
-0.10151383522506426
-0.1015140608684364
-0.10151435635018732
-0.10151457293247887
-0.1015147427827081
-0.10151485522137037
-0.10151492504677938
-0.1015149656041892
-0.10151498582685264
-0.10151499307309099
-0.1015149910749744
-0.10151498287405646
-0.10151496978338714
-0.10151495497266957
-0.10151493522343029
-0.10151491393803379
-0.10151488932181182
-0.10151486112678987
-0.10151483005655076
-0.10151479952008191
-0.10151477084654707
-0.1015147436727559
-0.10151471821651611
-0.10151469365950577
-0.10151467015777442
-0.10151464824622534
-0.10151462741581985
-0.10151460673070099
-0.10151458702260997
-0.10151456842429292
-0.10151455110811444
-0.10151453494167599
-0.10151451965468371
-0.1015145052676839
-0.10151449180586682
-0.1015144793864138
-0.1015144679030728
-0.1015144575185567
-0.10151444829509286
-0.1015144403768522
-0.1015144338898308
-0.10151442919476665
-0.10151442680513306
-0.10151442720491873
-0.10151443120200726
-0.10151443971802761
-0.1015144536216168
-0.10151447503508976
-0.10151450216815178
-0.10151453941478658
-0.10151458833278386
-0.10151465201459496
-0.1015147370178469
-0.10151484577429333
-0.10151499222359928
-0.1015152147897764
-0.10151550850486465
-0.10151581765603934
-0.10151610001657672
-0.1015163288289071
-0.10151650250629886
-0.10151662688232563
-0.10151671273950376
-0.10151677480826996
-0.10151683868654805
-0.10151694319393278
-0.10151713523595493
-0.10151744568827613
-0.10151788843363063
-0.10151845147729996
-0.10151905523421408
-0.10151952607525445
-0.10151958015635495
-0.1015187969745632
-0.10151695875832112
-0.10151491158109488
-0.10151378390127103
-0.10151349594292745
-0.10151348357231652
-0.10151353455801465
-0.10151376204942905
-0.10151403360155904
-0.10151412691816514
-0.10151424925116563
-0.10151456396633252
-0.10151518163180268
-0.10151618835095766
-0.10151724919900215
-0.10151771956922163
-0.10151825141028394
-0.10151776694033081
-0.10151712504671075
-0.10151653800848111
-0.10151598707963203
-0.10151548229392346
-0.1015150364050706
-0.10151467597531895
-0.10151441661461413
-0.1015142600703724
-0.1015142029104007
-0.10151427815069716
-0.10151452222496163
-0.1015148064408184
-0.10151502993871325
-0.10151520339342901
-0.10151532119762274
-0.10151539508885918
-0.10151543789308945
-0.10151545906377699
-0.10151546746145741
-0.10151546322148333
-0.10151545039025198
-0.10151543259391319
-0.10151540956865283
-0.10151538018035253
-0.10151534895829255
-0.1015153123478708
-0.1015152773997492
-0.10151524235785625
-0.10151520813877708
-0.10151517481040732
-0.10151514240688717
-0.1015151109927898
-0.1015150802371659
-0.10151505013243309
-0.1015150212979136
-0.10151499331371433
-0.10151496559610175
-0.10151493880020039
-0.10151491304735044
-0.1015148885029962
-0.10151486513963634
-0.10151484290169564
-0.10151482170095606
-0.10151480149733773
-0.10151478248651433
-0.10151476458445358
-0.10151474804185211
-0.1015147328943061
-0.10151471932943519
-0.1015147075797262
-0.10151469813450499
-0.10151469141927918
-0.10151468823122695
-0.10151468941836245
-0.10151469600064428
-0.10151470900543245
-0.10151473116518117
-0.10151476089865571
-0.10151480222790386
-0.10151485619616928
-0.10151492614101018
-0.1015150193643571
-0.10151513902001526
-0.10151529292247413
-0.1015155125492845
-0.10151580268453782
-0.10151614370590308
-0.10151649418155478
-0.10151681939320242
-0.10151711428069733
-0.10151737574352651
-0.10151760601803511
-0.1015178194383609
-0.1015180440698471
-0.10151831930427176
-0.10151868920474658
-0.10151917899261775
-0.10151978315344744
-0.10152045011051918
-0.10152103635751045
-0.10152127534720083
-0.10152082484689953
-0.1015193754050626
-0.10151707650982073
-0.10151492600042356
-0.10151379620556567
-0.10151350173863588
-0.10151348593091948
-0.10151355607899071
-0.10151378404368938
-0.10151405277934782
-0.10151415856105217
-0.10151421204408982
-0.10151436666465746
-0.1015146917014386
-0.10151524040476645
-0.10151604279103672
-0.1015168150116621
-0.10151748285129128
-0.10151785062618947
-0.10151810123555488
-0.1015177949566347
-0.1015171938174962
-0.10151656751532417
-0.10151599184271683
-0.10151553048109976
-0.10151519046082107
-0.10151497102160349
-0.10151486457597252
-0.10151492382768751
-0.10151512281434509
-0.10151535082156073
-0.1015155467120589
-0.10151569410782967
-0.10151579637405966
-0.1015158603852077
-0.1015158959725014
-0.10151591202911628
-0.10151591365630769
-0.10151590302106742
-0.10151588387088081
-0.10151585931209955
-0.10151582772687068
-0.10151579379340785
-0.10151575889287721
-0.10151572236996373
-0.10151568582327004
-0.10151564873021801
-0.10151561198318938
-0.10151557560216706
-0.10151553962942245
-0.10151550418046548
-0.10151546921039517
-0.10151543465115616
-0.10151540101179646
-0.10151536791236267
-0.10151533536774145
-0.10151530357489834
-0.10151527280319454
-0.10151524307648899
-0.10151521455590477
-0.10151518724937417
-0.10151516099032258
-0.10151513595928863
-0.10151511214017826
-0.10151508980085368
-0.10151506890623155
-0.10151504972577947
-0.10151503249156456
-0.10151501752877724
-0.10151500538322385
-0.10151499651264274
-0.10151499192874089
-0.10151499249897147
-0.10151499942593399
-0.10151501402211606
-0.10151503842886017
-0.10151507355149071
-0.10151512135263642
-0.1015151836035453
-0.10151526383934578
-0.10151536983076084
-0.10151550489516202
-0.10151567164308635
-0.10151589325935435
-0.10151618409745514
-0.1015165337667277
-0.1015169117680507
-0.10151729913541765
-0.10151768159541216
-0.10151805321489267
-0.10151841346337423
-0.1015187749474401
-0.10151916285365002
-0.10151960714965104
-0.10152013473369248
-0.10152074874804548
-0.101521408076025
-0.10152201394199807
-0.1015223732386746
-0.10152219200034655
-0.10152119066502541
-0.10151927095096926
-0.10151684430332289
-0.1015148128887021
-0.10151375970630092
-0.10151348753759665
-0.10151346593003888
-0.10151355030614698
-0.1015137687073084
-0.1015140297056468
-0.1015141754212209
-0.10151421781714995
-0.10151428736468004
-0.10151444987975179
-0.10151473877385858
-0.10151518242303752
-0.10151576327094482
-0.10151641984842343
-0.10151695101722176
-0.10151739576579272
-0.10151767121533824
-0.101517728451965
-0.1015175334771519
-0.10151713782280722
-0.1015166479710527
-0.10151622884455334
-0.10151592841790724
-0.10151574501898797
-0.10151573104333116
-0.10151580945901093
-0.10151594799595004
-0.10151607481192584
-0.10151617770857181
-0.1015162492041144
-0.10151629336489282
-0.10151631547809176
-0.10151632163228713
-0.10151631351688985
-0.10151629775744753
-0.10151627548203099
-0.10151624839274262
-0.10151621779493299
-0.1015161846179172
-0.10151614926236462
-0.1015161126872697
-0.1015160753710684
-0.10151603743606316
-0.1015159994396367
-0.10151596144816642
-0.10151592349041397
-0.10151588589636984
-0.10151584848894528
-0.10151581144468132
-0.10151577492681534
-0.1015157389369943
-0.1015157034767596
-0.10151566875625459
-0.10151563493020886
-0.10151560215822396
-0.10151557048069113
-0.10151553997838142
-0.10151551070941163
-0.10151548275689377
-0.10151545614961756
-0.10151543126035163
-0.10151540800922276
-0.10151538674147717
-0.10151536781631791
-0.10151535169315135
-0.10151533877868908
-0.10151532991289478
-0.10151532591637229
-0.10151532781756832
-0.10151533706970486
-0.10151535521192112
-0.10151538375001186
-0.10151542528388628
-0.10151547998465069
-0.10151555166664251
-0.10151564398570241
-0.10151576421254109
-0.10151591556979167
-0.1015160972344
-0.1015163232786145
-0.1015166124649254
-0.10151695459269874
-0.10151734388008885
-0.10151776051693581
-0.10151819346136247
-0.10151863739151736
-0.10151909128722232
-0.1015195638216787
-0.10152007044909596
-0.10152062396941094
-0.1015212254859613
-0.10152184835351451
-0.1015224264933928
-0.10152294902460565
-0.10152295040913682
-0.10152216849938082
-0.10152076553833868
-0.10151868915399004
-0.10151643199282671
-0.10151465678057187
-0.10151371264248475
-0.10151346123502732
-0.10151342997286442
-0.10151351447260361
-0.10151370613242396
-0.10151396002299314
-0.1015141496395063
-0.10151422661966637
-0.10151426674037213
-0.10151434327566644
-0.10151448738802624
-0.10151471821360027
-0.10151503888987935
-0.10151545598036846
-0.10151593251478243
-0.10151640517197162
-0.10151679105095335
-0.10151707390547261
-0.10151724907112929
-0.10151730391910735
-0.10151722148525696
-0.10151704957123552
-0.10151683571382637
-0.10151664413589614
-0.10151651295592816
-0.10151647597125539
-0.10151650443331287
-0.10151655056060337
-0.1015165952969958
-0.10151663020801369
-0.10151665299975114
-0.10151666350401305
-0.10151666373334385
-0.10151665563515018
-0.10151664085007939
-0.10151662011196522
-0.10151659501389772
-0.10151656686067474
-0.1015165361498357
-0.1015165032936934
-0.10151646907399753
-0.10151643349385221
-0.10151639661879369
-0.10151635927401399
-0.10151632159483422
-0.10151628376585504
-0.10151624602031245
-0.10151620822061938
-0.10151617066441372
-0.10151613343260417
-0.10151609663940242
-0.10151606031213398
-0.10151602464193087
-0.10151598976664984
-0.10151595588896738
-0.10151592310827472
-0.10151589145115625
-0.10151586104939885
-0.10151583211008268
-0.10151580475107037
-0.10151577908948421
-0.10151575540023854
-0.10151573405064868
-0.10151571532939209
-0.10151569973694627
-0.10151568793903694
-0.1015156806685571
-0.10151567879951286
-0.10151568355649432
-0.10151569625573964
-0.10151571856659194
-0.10151575165028898
-0.10151579827331832
-0.10151585948525209
-0.10151593941176303
-0.10151604217485027
-0.10151617407812089
-0.10151633757041299
-0.10151652831590974
-0.10151675125728463
-0.10151703262096408
-0.10151736515790778
-0.10151774834449574
-0.10151816823979484
-0.10151861761672158
-0.101519092093326
-0.10151958820065579
-0.10152010775589265
-0.10152065145048414
-0.10152121169556934
-0.10152176638552246
-0.10152226516816776
-0.1015227035468076
-0.10152280517686454
-0.10152231880828845
-0.10152136075507819
-0.10151981401071063
-0.10151787786124004
-0.1015159654489476
-0.10151450798979422
-0.10151368222989011
-0.10151343770252105
-0.10151340276932358
-0.1015134644236405
-0.10151360581542848
-0.10151384798246813
-0.10151406838308806
-0.10151420161567101
-0.1015142606096036
-0.10151430522554086
-0.10151437399856197
-0.10151448567897935
-0.10151464724264883
-0.10151486584576086
-0.10151514240836966
-0.10151547017570577
-0.10151582527337724
-0.10151616617942104
-0.1015164516045693
-0.10151665473474943
-0.10151677553582533
-0.10151681951372069
-0.10151679645046935
-0.1015167625301222
-0.10151672683370043
-0.1015167403108768
-0.10151676958364912
-0.10151680171308781
-0.10151682778247505
-0.10151685025213919
-0.10151686822166409
-0.10151687983671741
-0.10151688485925815
-0.10151688380921063
-0.1015168771160584
-0.10151686515460726
-0.10151684887378225
-0.10151682905391365
-0.10151680615904386
-0.10151678069077617
-0.1015167531742434
-0.10151672401750902
-0.10151669350137207
-0.10151666189200304
-0.10151662947655694
-0.10151659643086905
-0.10151656290031406
-0.10151652909857449
-0.10151649511952728
-0.10151646118839021
-0.10151642691225035
-0.10151639265422703
-0.10151635885635835
-0.10151632569534613
-0.10151629330668434
-0.1015162618987616
-0.10151623154654352
-0.1015162024971734
-0.10151617488361153
-0.10151614891504754
-0.10151612474574527
-0.10151610278276467
-0.10151608334517481
-0.10151606678503536
-0.10151605362869982
-0.10151604459056168
-0.10151604034419082
-0.10151604188166466
-0.10151605029942597
-0.10151606688119674
-0.10151609300826164
-0.10151612960226744
-0.10151617897423099
-0.10151624469002778
-0.10151632931281744
-0.10151643764424281
-0.10151657160401684
-0.10151673427287636
-0.10151692340578852
-0.1015171399486199
-0.10151740525737268
-0.10151771857250992
-0.10151807944031839
-0.10151847913916172
-0.10151891160452849
-0.10151937075418993
-0.10151984802913472
-0.10152033552762928
-0.10152081970870445
-0.10152127785500609
-0.10152167448369713
-0.10152195288958271
-0.10152202822463763
-0.10152180078630879
-0.10152117181372898
-0.10152009346976057
-0.10151865011875082
-0.10151704161783406
-0.10151553473179507
-0.1015143883989498
-0.10151368321587545
-0.101513433884982
-0.10151340146003095
-0.10151342860078826
-0.10151352516930842
-0.10151371388843726
-0.10151393924133176
-0.10151412004799627
-0.10151422753926555
-0.10151428631494204
-0.10151433130432241
-0.10151438425665517
-0.10151445757452973
-0.10151456013183953
-0.10151469538731121
-0.10151486644925872
-0.10151507306833293
-0.10151530640983197
-0.10151554978378208
-0.10151578145761068
-0.10151597787633937
-0.10151611942631619
-0.1015161967355539
-0.1015162438689457
-0.10151628468407471
-0.10151636038562319
-0.10151645020750599
-0.10151653676857104
-0.10151661077667203
-0.1015166755275236
-0.10151673230690414
-0.10151678033357758
-0.10151681940619219
-0.10151685003711317
-0.10151687281435369
-0.10151688839302783
-0.10151689768075657
-0.10151690136652142
-0.10151690024082559
-0.10151689489529349
-0.1015168858877261
-0.10151687378455022
-0.10151685903896869
-0.10151684194814997
-0.10151682287252586
-0.10151680220323789
-0.10151678010508144
-0.10151675689345258
-0.10151673278063622
-0.10151670795743492
-0.10151668266513289
-0.10151665718405813
-0.10151663162555087
-0.10151660624628125
-0.10151658124119467
-0.10151655678692115
-0.1015165331440795
-0.1015165105050366
-0.10151648900322273
-0.10151646906519925
-0.10151645083811213
-0.10151643442952034
-0.10151642034256265
-0.10151640923294108
-0.10151640156164772
-0.101516397933568
-0.10151639916413234
-0.10151640605652705
-0.10151641962143976
-0.10151644102318066
-0.10151647051467022
-0.10151650851137721
-0.10151655907388249
-0.10151662337629745
-0.10151670640598456
-0.10151681092195884
-0.1015169399850835
-0.10151709341488523
-0.10151726970528996
-0.10151746720358444
-0.10151770469013549
-0.10151798449588277
-0.10151830560369787
-0.10151866053095063
-0.10151904093415909
-0.10151943656882649
-0.10151983304476259
-0.10152021421125006
-0.10152055832945923
-0.10152083833496715
-0.10152101879319396
-0.10152105388114156
-0.10152088520564037
-0.10152045577672714
-0.10151972942845046
-0.10151872158397734
-0.10151753335541118
-0.10151630469157258
-0.10151517741629382
-0.10151430569817889
-0.10151371993967713
-0.10151346168644092
-0.10151343545911129
-0.10151343129382297
-0.10151348678656476
-0.10151359776870955
-0.10151379396669266
-0.10151398865255773
-0.10151414082201381
-0.1015142414126054
-0.10151430411554031
-0.10151434616696449
-0.10151438219677435
-0.10151442413613676
-0.10151447997650033
-0.10151455361325545
-0.10151464840760153
-0.10151476306122442
-0.10151489298625692
-0.10151503130140062
-0.10151516821977984
-0.10151529419914604
-0.10151540362235795
-0.10151550189907205
-0.1015155989115596
-0.10151568333119296
-0.10151577691527472
-0.1015158826552201
-0.10151598667036453
-0.10151608570038888
-0.10151617933635429
-0.10151626646667969
-0.10151634615614465
-0.10151641791694335
-0.10151648096933073
-0.10151653586909559
-0.10151658355376617
-0.10151662458042104
-0.10151665934833429
-0.10151668841532846
-0.1015167123080886
-0.10151673148960132
-0.1015167464535325
-0.10151675763449633
-0.10151676545067166
-0.10151677021242982
-0.10151677237677108
-0.10151677219991112
-0.1015167700274541
-0.10151676612172177
-0.10151676083217534
-0.10151675441718251
-0.10151674709310674
-0.10151673922471649
-0.1015167309963201
-0.10151672272521912
-0.10151671467676873
-0.10151670703822392
-0.10151670014216249
-0.10151669430228731
-0.10151668983118242
-0.10151668703478163
-0.10151668631366173
-0.10151668814009217
-0.10151669288752935
-0.10151670121512944
-0.10151671367436495
-0.10151673104241586
-0.10151675402985026
-0.1015167833127827
-0.10151681855218415
-0.10151686152719164
-0.10151691461039077
-0.10151697957568481
-0.10151706067749985
-0.10151715869690175
-0.10151727523386243
-0.1015174086374501
-0.10151755948835738
-0.10151772628529035
-0.10151792366664929
-0.10151815626288062
-0.10151841952563623
-0.10151870414350801
-0.10151899838928997
-0.1015192884686502
-0.10151955640056082
-0.10151978411215158
-0.10151995096170503
-0.10152003465542693
-0.10152001066738595
-0.10151985284200594
-0.10151953208184708
-0.10151902920077349
-0.101518345607828
-0.10151751724160582
-0.10151662171907243
-0.10151572252328471
-0.10151491139634687
-0.10151426166513404
-0.10151378999556038
-0.10151352257083571
-0.10151351290875253
-0.10151347959770032
-0.10151349353100986
-0.10151354854223449
-0.10151367792477557
-0.10151384523847373
-0.10151400794867135
-0.101514143169399
-0.10151424316026561
-0.1015143093642723
-0.10151435027479337
-0.10151437722149055
-0.10151439930983217
-0.1015144239066795
-0.10151445735973512
-0.10151450105801746
-0.10151455451587589
-0.10151461585473943
-0.10151468160693526
-0.10151474889708903
-0.10151481823683703
-0.10151488966467537
-0.10151496535127524
-0.10151502805614993
-0.10151509314647036
-0.10151517665640838
-0.10151526839950614
-0.10151536224937478
-0.10151545625392455
-0.10151554899814946
-0.10151563905623559
-0.1015157253769913
-0.10151580724492634
-0.10151588423957572
-0.10151595618749684
-0.10151602304424567
-0.10151608489243127
-0.10151614188103061
-0.10151619426131962
-0.10151624227027274
-0.10151628620184482
-0.1015163263745298
-0.10151636310288262
-0.10151639668993064
-0.10151642736349481
-0.10151645529111944
-0.10151648056641877
-0.10151650391665609
-0.10151652558795753
-0.10151654584295959
-0.10151656499759892
-0.10151658326589462
-0.10151660094902247
-0.10151661827617771
-0.10151663561341547
-0.10151665311030075
-0.1015166711577418
-0.10151668995707147
-0.10151670990017313
-0.1015167312318176
-0.10151675437540511
-0.10151677962559379
-0.10151680741541315
-0.10151683808347896
-0.10151687206392222
-0.10151690973325105
-0.1015169513466294
-0.10151699638506702
-0.10151704565957714
-0.10151710156022635
-0.10151716447178868
-0.1015172376177268
-0.10151732001486878
-0.1015174120264873
-0.10151751364390442
-0.10151762144503801
-0.10151773915028531
-0.10151786811955531
-0.10151801456435512
-0.10151818483242062
-0.10151837021257076
-0.10151855956529639
-0.10151874009467747
-0.10151889837296477
-0.10151901896356574
-0.10151908812236986
-0.10151909227322829
-0.10151901978638589
-0.10151885860676915
-0.10151859999716349
-0.10151823558833475
-0.10151776596189023
-0.10151720553505457
-0.1015165846220608
-0.10151593708980025
-0.10151530740422868
-0.10151473346846512
-0.10151425631913773
-0.10151388661595298
-0.10151363329778429
-0.10151363667143262
-0.1015135588567574
-0.1015135407524673
-0.10151355616379075
-0.10151362487916196
-0.1015137383138376
-0.10151387205051918
-0.10151400560044466
-0.10151412499857243
-0.10151422012483238
-0.10151428809660279
-0.10151433306764994
-0.10151436101269905
-0.10151437877869154
-0.1015143930895434
-0.10151440873958123
-0.10151442872737095
-0.10151445455333626
-0.10151448617564919
-0.10151452332273266
-0.10151456691818969
-0.10151461473660035
-0.10151466246042251
-0.10151469793870534
-0.10151473163894968
-0.10151478230083469
-0.10151484248343086
-0.10151490714184089
-0.10151497471861536
-0.10151504420147399
-0.10151511442640092
-0.10151518434943849
-0.1015152531755985
-0.1015153202701796
-0.10151538530066777
-0.10151544792806116
-0.10151550803750738
-0.10151556557757797
-0.10151562050431626
-0.10151567292116188
-0.10151572293186735
-0.10151577072863378
-0.10151581640185572
-0.10151586022690563
-0.10151590232929483
-0.10151594298608083
-0.1015159823676683
-0.1015160207169766
-0.10151605826291137
-0.10151609524619251
-0.10151613189484104
-0.10151616841171353
-0.10151620508529849
-0.10151624210807035
-0.10151627977289263
-0.10151631833697831
-0.10151635799052493
-0.10151639907056978
-0.10151644181510125
-0.10151648558799024
-0.10151653138838054
-0.10151657954948771
-0.10151663038413691
-0.10151668397130437
-0.10151674053967492
-0.10151680008033931
-0.10151686229390629
-0.10151692733452672
-0.10151699725583457
-0.10151707201980419
-0.10151715248733707
-0.10151723822367013
-0.10151732752585305
-0.10151742013995864
-0.10151751481976157
-0.10151760680673498
-0.10151770403147728
-0.10151780773547098
-0.10151790797759534
-0.10151801117684567
-0.10151811016207768
-0.10151819712493947
-0.10151826325956602
-0.10151830024053844
-0.10151829890015289
-0.10151825209915886
-0.101518153731726
-0.1015179999811395
-0.1015177868250088
-0.10151751455392656
-0.10151718417016468
-0.101516801351008
-0.10151637809852691
-0.10151592568585187
-0.10151547562412144
-0.10151504018362527
-0.10151463417542639
-0.10151428427537323
-0.10151399695734666
-0.10151378408738121
-0.10151375334752553
-0.10151366117053642
-0.10151360620496418
-0.1015135937488875
-0.10151362277897225
-0.10151368914036024
-0.10151378237562371
-0.10151388927666904
-0.10151399783834557
-0.10151409794682703
-0.10151418175541116
-0.10151424688464133
-0.1015142945741222
-0.10151432773769507
-0.10151435126821574
-0.10151436922158322
-0.10151438576593727
-0.10151440404125232
-0.10151442665684984
-0.1015144556565403
-0.10151449170079906
-0.1015145322658575
-0.10151457241015717
-0.1015146024361094
-0.10151462815422768
-0.10151466737875053
-0.10151471357187998
-0.10151476296134605
-0.1015148145171286
-0.10151486761377364
-0.10151492149609735
-0.10151497531124587
-0.10151502849412528
-0.10151508051671368
-0.10151513106020521
-0.10151517989339616
-0.10151522685465969
-0.10151527186944387
-0.1015153149176799
-0.10151535606643144
-0.10151539537430491
-0.10151543301753103
-0.10151546909949993
-0.10151550380442452
-0.10151553739833287
-0.10151557000217849
-0.10151560190049111
-0.10151563332803448
-0.10151566445669757
-0.10151569558212377
-0.101515726920098
-0.10151575877548695
-0.1015157913615578
-0.10151582495031503
-0.10151585976336092
-0.10151589609080758
-0.10151593418521956
-0.10151597425297591
-0.10151601663054373
-0.1015160615587778
-0.10151610923556795
-0.10151615987354974
-0.10151621372135161
-0.10151627089893944
-0.10151633149959854
-0.10151639562077587
-0.1015164628832428
-0.1015165341011052
-0.10151660972249396
-0.101516690856206
-0.10151677662129169
-0.10151686550925251
-0.10151695738679649
-0.10151705182200314
-0.10151714747359208
-0.10151723974886878
-0.10151734145194705
-0.10151744799374693
-0.10151753863331472
-0.10151761141840866
-0.10151766204531912
-0.10151768891401404
-0.10151768917070554
-0.10151766004866186
-0.10151759814662237
-0.10151750141157619
-0.1015173679978939
-0.10151719768980001
-0.10151698981977306
-0.10151674705073951
-0.10151647251364562
-0.10151616539859831
-0.10151583994600202
-0.10151550817598404
-0.10151518157277672
-0.1015148629332388
-0.10151456058012803
-0.10151429343008017
-0.10151406627952296
-0.10151388946734094
-0.10151376713625682
-0.10151367893386766
-0.10151361870937126
-0.10151359464714976
-0.10151360590781569
-0.10151364894972228
-0.10151371743138164
-0.10151380338008047
-0.10151389809792656
-0.10151399376949538
-0.10151408288137986
-0.10151416128493321
-0.10151422656914126
-0.10151427949015816
-0.10151432143629296
-0.10151435538773973
-0.10151438424958366
-0.10151441122702871
-0.10151443917858875
-0.10151447043451431
-0.10151450697743274
-0.10151454609305627
-0.10151458369330084
-0.10151461361008153
-0.10151463737725165
-0.10151467175899845
-0.10151471012966354
-0.10151475028327345
-0.10151479122818607
-0.1015148329703592
-0.10151487466805058
-0.10151491584242557
-0.10151495632011986
-0.101514995116371
-0.10151503257760612
-0.10151506806446076
-0.10151510163500442
-0.10151513324987863
-0.10151516285509256
-0.10151519053679345
-0.10151521637836244
-0.10151524057567278
-0.10151526313015437
-0.10151528431010688
-0.10151530439504036
-0.10151532349513245
-0.10151534186489665
-0.10151535972461866
-0.1015153772751338
-0.10151539485553429
-0.10151541259659908
-0.10151543078469995
-0.10151544971212512
-0.10151546951673283
-0.10151549044859887
-0.10151551286906758
-0.1015155370002797
-0.10151556297430131
-0.10151559108688454
-0.10151562159717642
-0.1015156547284786
-0.1015156908045369
-0.10151572988812352
-0.10151577234352217
-0.10151581828833013
-0.10151586792374524
-0.10151592224324822
-0.10151598113210465
-0.10151604514729724
-0.10151611396400603
-0.10151618676477246
-0.10151626359054622
-0.10151634445873313
-0.1015164289285026
-0.10151651434466256
-0.10151659805427297
-0.10151669523864361
-0.10151679788067729
-0.1015168881306859
-0.10151695577798411
-0.10151699531612828
-0.10151700733483626
-0.10151699161431134
-0.10151694788719502
-0.10151687560270159
-0.10151677540018805
-0.10151664793322251
-0.10151649527120485
-0.10151631413870948
-0.10151610932803605
-0.10151588368371692
-0.10151564126932874
-0.10151538866266567
-0.10151513336475261
-0.10151488129967039
-0.10151463487910461
-0.10151440141401445
-0.10151419909233857
-0.10151402283121265
-0.10151388243813253
-0.10151367312472166
-0.10151359442500812
-0.10151354684918093
-0.10151352855005626
-0.10151352980137036
-0.1015135483127078
-0.10151359151769758
-0.10151366262400686
-0.10151374574048726
-0.10151383500797381
-0.10151392466652726
-0.10151401040846575
-0.10151408902623102
-0.10151415943143291
-0.10151422193184037
-0.1015142765279651
-0.1015143248825355
-0.10151436978226001
-0.10151441238891033
-0.10151445424400708
-0.1015144976372988
-0.10151453978093863
-0.1015145775205733
-0.1015146053617063
-0.10151462527498026
-0.10151465179873558
-0.10151468066417861
-0.10151470950162055
-0.10151473832451956
-0.10151476653089699
-0.10151479459849916
-0.1015148214510698
-0.1015148472768785
-0.10151487176159853
-0.10151489454472462
-0.10151491578326366
-0.1015149349854101
-0.10151495289892365
-0.10151496847875904
-0.10151498273753494
-0.10151499512526564
-0.10151500647089727
-0.10151501629471286
-0.10151502492422006
-0.10151503247178177
-0.10151503899102432
-0.10151504508023593
-0.10151505081957338
-0.1015150562785668
-0.10151506174720522
-0.10151506746376268
-0.10151507354282206
-0.10151508024097426
-0.10151508773915949
-0.10151509625263802
-0.10151510598903986
-0.10151511717680381
-0.1015151299949768
-0.10151514463674924
-0.10151516135352863
-0.10151518028777722
-0.10151520179594142
-0.10151522596770306
-0.10151525309416638
-0.10151528346464733
-0.10151531725564324
-0.10151535536866664
-0.1015153972255822
-0.10151544360454914
-0.10151549385257935
-0.10151554796322942
-0.10151560605242918
-0.1015156681977663
-0.1015157340216248
-0.101515802896931
-0.10151587145991514
-0.10151595298212573
-0.10151603834378162
-0.10151611426880679
-0.10151616960452
-0.10151619802918775
-0.10151620075736818
-0.10151617851083058
-0.10151613176229671
-0.1015160620834635
-0.10151597126815773
-0.10151586202747194
-0.10151573488154711
-0.10151559128682146
-0.1015154337850181
-0.1015152625196419
-0.10151507987791046
-0.10151488909285696
-0.1015146955014261
-0.10151450390465994
-0.1015143205090275
-0.10151415251103749
-0.10151400495296677
-0.10151387500945497
-0.10151376804709455
-0.10151355399377672
-0.10151350938398737
-0.10151347357579812
-0.101513450934926
-0.10151344204733796
-0.10151344676940387
-0.10151346471281741
-0.10151349441978279
-0.10151353378947668
-0.10151358801072095
-0.10151366621537722
-0.1015137466630743
-0.10151382613254294
-0.10151390244095679
-0.10151397526170616
-0.1015140439363977
-0.10151410754072772
-0.1015141669426761
-0.1015142226527079
-0.10151427454717016
-0.10151432352679919
-0.10151436740968063
-0.10151440335097396
-0.10151442773614766
-0.10151444346189831
-0.10151446314275236
-0.10151448302532189
-0.10151450176703665
-0.10151451973483867
-0.10151453716748005
-0.1015145529125673
-0.10151456823774407
-0.10151458181979574
-0.10151459439018104
-0.10151460497908024
-0.10151461426440664
-0.10151462149942848
-0.10151462768901993
-0.10151463242385159
-0.1015146355378523
-0.10151463769193309
-0.10151463805857708
-0.10151463753181758
-0.10151463608042038
-0.10151463394341531
-0.10151463127220836
-0.10151462747893576
-0.10151462391500138
-0.10151461999510018
-0.10151461659994275
-0.10151461278162614
-0.1015146096598471
-0.1015146071082207
-0.1015146052048395
-0.10151460418929532
-0.10151460414078482
-0.10151460526583599
-0.10151460772563457
-0.10151461176390399
-0.10151461743981222
-0.10151462503350371
-0.1015146346191161
-0.10151464655524992
-0.101514660909937
-0.1015146779427368
-0.10151469797617965
-0.10151472122073564
-0.10151474785031317
-0.1015147777863522
-0.10151481090668572
-0.10151484732442911
-0.10151488739014586
-0.10151493118277746
-0.10151497868099214
-0.10151502983205307
-0.10151508219238989
-0.10151514558993664
-0.10151521106793142
-0.10151526737991762
-0.10151530580237013
-0.10151532209504979
-0.10151531708398685
-0.1015152911584399
-0.10151524759094983
-0.10151518879695406
-0.10151511592876575
-0.10151503214916957
-0.10151493843337792
-0.10151483724455447
-0.1015147281547902
-0.10151461101303975
-0.10151448648883597
-0.10151435926604364
-0.10151423432843112
-0.10151411167239359
-0.1015139954587493
-0.10151389084473507
-0.10151379673220322
-0.10151370788220584
-0.10151362628352972
-0.10151355783290072
-0.10151351778757034
-0.10151348267562571
-0.10151345140782055
-0.10151342495005411
-0.10151340641689936
-0.10151340111500731
-0.10151340183921605
-0.10151340997568793
-0.10151343001544587
-0.10151345833714656
-0.1015134919453273
-0.10151352923201515
-0.10151357072081545
-0.10151363407299589
-0.10151369765623598
-0.1015137599788641
-0.10151382004906882
-0.10151387707818961
-0.10151392984053319
-0.10151397739821541
-0.10151401935303851
-0.10151405125220336
-0.10151407093520237
-0.10151408231224424
-0.10151409500373748
-0.10151410754088583
-0.10151411863822686
-0.10151412785197374
-0.10151413645570408
-0.10151414384080533
-0.10151414958344544
-0.10151415436902173
-0.10151415771035477
-0.1015141596901132
-0.10151416078887263
-0.10151416016957837
-0.10151415821079057
-0.10151415574160763
-0.10151415127062872
-0.10151414623235853
-0.10151414000359794
-0.10151413324260604
-0.10151412588491615
-0.10151411754272968
-0.10151410933854851
-0.10151410025404332
-0.1015140911439235
-0.10151408210685171
-0.10151407277703689
-0.10151406407640837
-0.10151405544238304
-0.10151404731638868
-0.10151403952516967
-0.10151403235620064
-0.10151402582534685
-0.10151402025406196
-0.10151401605539087
-0.10151401219072444
-0.10151400992849838
-0.10151400921395996
-0.10151400984275355
-0.10151401217825351
-0.10151401627326778
-0.10151402237251665
-0.1015140308136224
-0.10151404135157223
-0.10151405437493245
-0.10151406977045187
-0.10151408763864837
-0.10151410813788503
-0.10151413168541855
-0.10151415841447346
-0.10151418861161089
-0.10151422272501001
-0.10151425922638868
-0.10151430479370352
-0.10151435150812886
-0.10151438966977964
-0.10151441349319398
-0.10151442175698627
-0.10151441394214256
-0.10151439364190401
-0.10151436423531807
-0.10151432631175335
-0.10151428382700267
-0.10151423904082789
-0.1015141930813736
-0.10151414667360308
-0.10151409862425202
-0.10151404898367332
-0.10151399812053757
-0.101513947424319
-0.10151389951786007
-0.10151385557285347
-0.10151381683872414
-0.10151378187902
-0.10151374188317651
-0.10151368715642203
-0.10151362169649034
-0.10151388579969917
-0.1015138275840595
-0.10151377160736622
-0.10151370499351131
-0.10151362562327795
-0.10151355062905933
-0.10151350230855413
-0.10151346224025559
-0.10151343252820737
-0.10151341415359418
-0.10151340544024602
-0.10151340504580127
-0.10151341053330247
-0.10151342208497711
-0.10151343827767302
-0.10151345845881449
-0.10151348102036388
-0.10151350471877907
-0.10151352865873378
-0.10151355202716913
-0.10151357849919715
-0.10151360766030632
-0.10151363041311422
-0.10151364415417628
-0.10151365228627736
-0.10151366039511554
-0.10151366726537396
-0.10151367309723093
-0.1015136775552467
-0.10151368068398385
-0.10151368298111209
-0.10151368423490931
-0.10151368413585579
-0.10151368329250024
-0.1015136808362486
-0.1015136778638582
-0.10151367366917584
-0.10151366850451513
-0.10151366270627364
-0.10151365607032689
-0.10151364865904226
-0.10151364048533792
-0.10151363130579359
-0.10151362251232995
-0.10151361289797702
-0.10151360325650167
-0.10151359337556065
-0.10151358285951068
-0.10151357261698926
-0.10151356319423993
-0.10151355665032807
-0.10151355040082041
-0.10151354415462424
-0.10151353826531058
-0.10151353235880577
-0.10151352689870405
-0.10151352142817496
-0.10151351650051543
-0.10151351207371673
-0.10151350778976193
-0.10151350414870197
-0.10151350106599849
-0.10151349861651111
-0.10151349687489915
-0.10151349586847043
-0.10151349571172077
-0.10151349640000369
-0.10151349805115133
-0.10151350069821219
-0.1015135045034951
-0.10151350961768454
-0.10151351622461116
-0.10151352450930194
-0.10151353465211517
-0.10151354708274327
-0.10151356165581259
-0.10151358972667747
-0.10151362133777268
-0.10151364746107032
-0.10151366678665318
-0.10151367962287175
-0.10151368718727341
-0.10151369270384672
-0.10151369820249051
-0.10151370599348965
-0.10151371818064292
-0.10151373578055994
-0.1015137580641456
-0.10151378381233017
-0.10151381190017977
-0.10151384170582453
-0.10151387330422414
-0.10151390668277306
-0.1015139419102386
-0.10151397656069
-0.10151400982902657
-0.10151403675356499
-0.10151403872893876
-0.10151400636870174
-0.10151394825314687
-0.10151452658605581
-0.10151447223768176
-0.101514418940649
-0.10151434828052286
-0.1015142489467801
-0.10151413130796935
-0.10151400840223412
-0.10151388944391028
-0.10151378087043197
-0.10151368570363452
-0.101513605874864
-0.10151354895980359
-0.10151351581256245
-0.10151348996416211
-0.10151347073118
-0.10151345725190827
-0.10151344862875268
-0.10151344423720088
-0.10151344322754119
-0.10151344478952865
-0.10151344798696549
-0.1015134520796749
-0.10151345691521454
-0.1015134614514933
-0.10151346527529945
-0.10151346893088421
-0.10151347195001499
-0.10151347446457346
-0.10151347647424937
-0.10151347797958468
-0.10151347898716967
-0.10151347964001886
-0.10151347995436066
-0.10151347980962636
-0.10151347922186572
-0.10151347836002618
-0.1015134772354528
-0.1015134757590424
-0.1015134742101555
-0.10151347235884516
-0.10151347034860825
-0.10151346834364054
-0.10151346602207631
-0.10151346377332784
-0.10151346143785632
-0.10151345901969747
-0.10151345678381202
-0.1015134545762918
-0.1015134522803124
-0.10151344999875864
-0.10151344781349828
-0.1015134457528112
-0.10151344376725496
-0.10151344178334534
-0.10151343983709761
-0.10151343802220844
-0.10151343625462635
-0.10151343447010015
-0.10151343270415715
-0.10151343103198777
-0.10151342945842105
-0.10151342792258242
-0.10151342644419273
-0.10151342506652807
-0.10151342383477559
-0.10151342284221906
-0.10151342207649046
-0.10151342160365218
-0.10151342152641459
-0.1015134219565821
-0.10151342300820658
-0.1015134248431072
-0.1015134276409004
-0.10151343165474866
-0.10151343746940183
-0.10151344500606141
-0.10151345407837185
-0.10151346546744916
-0.10151347963698336
-0.10151349836591822
-0.10151352219124064
-0.10151355101122149
-0.10151359743650847
-0.10151366046409463
-0.10151373195018876
-0.10151381030145773
-0.10151389355411526
-0.10151397895982639
-0.10151406555621174
-0.10151415115654218
-0.10151423424940909
-0.10151431566015615
-0.10151439441930914
-0.10151446964582417
-0.10151453875545412
-0.10151459943406593
-0.10151464773708793
-0.10151466609465108
-0.10151464279341214
-0.10151458692743198
-0.10151514396035607
-0.10151510051212406
-0.10151506459936663
-0.101515015718259
-0.10151493498116652
-0.10151482821157808
-0.10151470613257656
-0.10151457728512253
-0.1015144491543895
-0.10151433106812967
-0.10151422214392818
-0.1015141230781235
-0.10151403400161496
-0.10151395424384924
-0.10151388265323304
-0.10151381888897973
-0.10151376347519665
-0.10151371583006469
-0.10151367582499952
-0.10151364427620953
-0.10151362014207922
-0.10151360427833281
-0.10151359792155744
-0.10151360140396387
-0.1015136097066848
-0.10151361808865642
-0.10151362611165418
-0.10151363409360133
-0.10151364179933021
-0.10151364987586141
-0.1015136581606934
-0.10151366680377147
-0.10151367528687746
-0.10151368414115934
-0.10151369307050286
-0.10151370255543832
-0.1015137124050996
-0.10151372267796037
-0.10151373352211833
-0.10151374449170916
-0.10151375616081468
-0.10151376831644844
-0.10151378082619432
-0.1015137939805796
-0.1015138072222652
-0.10151382127900253
-0.10151383521126396
-0.10151384947567749
-0.10151386405263692
-0.1015138790261135
-0.10151389382582958
-0.10151390905054923
-0.1015139237564584
-0.1015139387528155
-0.10151395335969261
-0.10151396811842134
-0.10151398213193488
-0.10151399588878973
-0.10151400937529012
-0.1015140219339237
-0.10151403396621472
-0.10151404525477514
-0.1015140558562622
-0.10151406587504136
-0.10151407606112675
-0.10151408494206114
-0.1015140927943413
-0.10151409963160893
-0.10151410542487092
-0.10151411033680509
-0.10151411444422231
-0.1015141179977852
-0.10151412126292708
-0.10151412444409766
-0.10151412851063726
-0.10151413400157376
-0.10151413578704388
-0.10151414130976982
-0.10151415685562751
-0.10151418843124385
-0.10151423517603249
-0.1015142943082112
-0.10151436450271054
-0.10151444384142227
-0.1015145294799892
-0.10151461729269323
-0.10151470449968487
-0.10151478811369455
-0.10151486626571977
-0.10151493927246374
-0.10151500579417941
-0.10151506521951337
-0.10151511823981374
-0.10151516455267418
-0.10151520188941085
-0.10151523445825154
-0.10151526072231914
-0.10151527091532891
-0.10151524900711138
-0.10151519861305164
-0.10151547397900404
-0.10151544660242544
-0.10151543461304417
-0.10151542252328012
-0.10151538725660028
-0.10151532437366055
-0.10151524422764435
-0.1015151523932951
-0.10151505646988387
-0.10151496030764973
-0.10151486800667013
-0.10151478058242969
-0.10151469833765829
-0.10151462116914478
-0.10151454838440589
-0.10151448083748577
-0.10151441763040277
-0.10151436170039724
-0.10151431322386834
-0.1015142723253785
-0.10151424127672255
-0.10151422062424177
-0.10151421402885144
-0.1015142222672575
-0.10151424088947807
-0.10151426039926223
-0.10151427960579561
-0.10151429964194035
-0.10151432081693451
-0.10151434251967736
-0.10151436555148892
-0.1015143892929954
-0.10151441373121292
-0.10151444017478257
-0.10151446754465
-0.10151449561659089
-0.10151452465253004
-0.10151455395291177
-0.10151458425069644
-0.10151461486773967
-0.10151464640076646
-0.10151467793248808
-0.10151470954049698
-0.10151474139962746
-0.10151477353452924
-0.10151480512309752
-0.10151483677368046
-0.10151486811405581
-0.10151489911796956
-0.10151492954433061
-0.10151495890329126
-0.1015149879479876
-0.1015150157060243
-0.10151504295136525
-0.10151506936427197
-0.10151509422881812
-0.10151511864891431
-0.10151514159079561
-0.10151516330890026
-0.1015151836020882
-0.10151520251658412
-0.10151522021895137
-0.10151523723799637
-0.10151525468164832
-0.10151526799429185
-0.10151527855584083
-0.10151528664230706
-0.10151529225973172
-0.10151529549346157
-0.10151529649444549
-0.10151529550475796
-0.10151529294063336
-0.10151528900279327
-0.10151528435444072
-0.10151527941013572
-0.10151527515602149
-0.10151526631542317
-0.10151525534787006
-0.10151525048126096
-0.10151525672056848
-0.10151527375118798
-0.10151529906395801
-0.1015153304998501
-0.10151536658463917
-0.10151540371684163
-0.10151544036332884
-0.10151547435308775
-0.10151550483534692
-0.10151552948479689
-0.10151554920935685
-0.10151556341841818
-0.10151557188178094
-0.10151557533396545
-0.10151557555453886
-0.10151557213366165
-0.10151556851294617
-0.10151556996640772
-0.10151557129523539
-0.10151555382313653
-0.10151551612993154
-0.1015155986111804
-0.1015155912940156
-0.10151560296550619
-0.10151561996086869
-0.10151562034318316
-0.10151559738672018
-0.1015155577570286
-0.10151550852158271
-0.10151545321879835
-0.10151539664891022
-0.10151534251157614
-0.10151529021014061
-0.10151524215438079
-0.10151519620069202
-0.10151515358075124
-0.10151511324671604
-0.10151507552907964
-0.10151504137415089
-0.10151501144865548
-0.10151498867965206
-0.10151497395507572
-0.10151496910881566
-0.10151497832076797
-0.10151500110731439
-0.101515035444377
-0.10151507058667954
-0.10151510490397299
-0.10151513979347082
-0.10151517556302012
-0.10151521152029419
-0.10151524751645324
-0.10151528389742771
-0.10151532030004444
-0.10151535640930323
-0.10151539242987469
-0.10151542823531368
-0.10151546281994442
-0.10151549727335943
-0.10151553056172657
-0.10151556315304014
-0.10151559465042985
-0.10151562512101459
-0.10151565416791569
-0.10151568229634805
-0.10151570909304783
-0.10151573470523403
-0.10151575924667991
-0.10151578230879629
-0.10151580373659908
-0.10151582397747272
-0.10151584278461383
-0.10151586019820669
-0.10151587618771926
-0.10151589084973682
-0.10151590422891388
-0.10151591649722767
-0.10151592760789103
-0.10151593750513921
-0.10151594605578752
-0.1015159534690622
-0.10151595986778386
-0.10151596720531444
-0.10151597306182908
-0.1015159739513286
-0.10151597172188095
-0.10151596755628901
-0.10151596143529719
-0.10151595361857009
-0.10151594431734173
-0.1015159337650937
-0.10151592224737715
-0.1015159100691921
-0.10151589749927441
-0.10151588482003736
-0.10151587254671157
-0.10151586121883269
-0.10151584777663626
-0.10151582743763995
-0.10151581066100628
-0.10151579511030162
-0.10151578606114263
-0.1015157814933102
-0.10151577942416676
-0.10151577885448324
-0.10151577853250839
-0.10151577729101098
-0.10151577431292923
-0.10151576887272053
-0.10151576014124004
-0.10151574813905741
-0.10151573227245889
-0.10151571367706845
-0.10151569318343398
-0.1015156722903995
-0.1015156529385293
-0.10151563847034267
-0.10151563571631615
-0.10151564147773172
-0.10151563758692478
-0.10151562027674663
-0.10151570115891814
-0.10151571613517865
-0.10151574725035865
-0.10151578131351145
-0.10151579924431957
-0.1015157968005419
-0.10151578031703598
-0.10151575685977773
-0.10151572990384883
-0.10151570353246744
-0.10151567942234202
-0.10151565874775315
-0.10151564165414322
-0.1015156280334443
-0.10151561699905069
-0.10151560810242391
-0.10151560170564698
-0.101515598018311
-0.10151559748222033
-0.10151560225314495
-0.10151561219819358
-0.10151563556025972
-0.10151565546340477
-0.10151568420083827
-0.10151572150424523
-0.10151575722999603
-0.10151579134573356
-0.10151582393863105
-0.10151585509494628
-0.10151588502320177
-0.1015159132398526
-0.10151593954746224
-0.10151596434826901
-0.10151598694969968
-0.10151600807068832
-0.10151602734622514
-0.1015160449445079
-0.10151606113780887
-0.10151607561939624
-0.10151608861859573
-0.10151610028469527
-0.10151611070589527
-0.10151611981392918
-0.10151612784016349
-0.10151613480931349
-0.10151614072060398
-0.1015161457059034
-0.1015161497918055
-0.10151615295740309
-0.1015161552265693
-0.10151615675214713
-0.10151615740840507
-0.10151615734170517
-0.10151615645684364
-0.10151615509776242
-0.10151615321897077
-0.10151615091269992
-0.10151614820231497
-0.10151614485861972
-0.10151614267326294
-0.10151614092236225
-0.10151613451342603
-0.10151612461143969
-0.10151611248417233
-0.1015160999031924
-0.10151608664031474
-0.10151607280338984
-0.10151605877402572
-0.10151604450504131
-0.10151603021526706
-0.10151601605726303
-0.10151600204321465
-0.1015159884386593
-0.10151597528363321
-0.10151596290499934
-0.1015159516036814
-0.10151593990833355
-0.10151592033659683
-0.10151590338534663
-0.10151588354288545
-0.1015158676588867
-0.10151585420363804
-0.10151584154822363
-0.10151582900609228
-0.10151581611320183
-0.1015158023198695
-0.10151578762979266
-0.10151577168306894
-0.10151575393932369
-0.10151573460550961
-0.10151571369074795
-0.10151569162574485
-0.10151567012211002
-0.10151565135650807
-0.10151563744521723
-0.10151563253871196
-0.10151564351762998
-0.10151566897766354
-0.101515689854089
-0.1015156977960252
-0.10151590448728072
-0.10151593502780787
-0.10151597297470846
-0.10151600730301233
-0.10151602261178891
-0.10151601929175166
-0.10151600673044282
-0.10151599169464542
-0.1015159778167713
-0.10151596716297477
-0.1015159610131715
-0.10151595979912556
-0.10151596247187826
-0.10151596890720857
-0.10151597750725844
-0.10151598812641166
-0.10151600027985841
-0.10151601399411676
-0.10151602982401539
-0.10151604736647667
-0.10151606692451241
-0.10151608578932016
-0.10151609522463768
-0.10151610651333175
-0.10151612410071857
-0.10151613911284131
-0.10151615159621417
-0.10151616217793995
-0.101516170772302
-0.10151617754201628
-0.10151618265346612
-0.10151618624014752
-0.10151618848591251
-0.1015161896677531
-0.1015161897847909
-0.1015161891721778
-0.10151618784283495
-0.10151618597625586
-0.10151618364009028
-0.10151618092055574
-0.10151617791513845
-0.1015161746180763
-0.10151617111721925
-0.10151616733689829
-0.10151616344114438
-0.10151615925770834
-0.10151615487800356
-0.10151615032586024
-0.10151614552361256
-0.10151614046199278
-0.10151613525000594
-0.10151612982556572
-0.10151612414714836
-0.10151611818917997
-0.10151611210975015
-0.10151610615613767
-0.10151610013631565
-0.10151609547503643
-0.10151609138973747
-0.10151608339524879
-0.10151607236082785
-0.1015160596131907
-0.10151604610493412
-0.10151603290619883
-0.10151601990268999
-0.10151600711214973
-0.10151599466222322
-0.10151598257027955
-0.10151597082448918
-0.10151595957001465
-0.10151594866360572
-0.10151593823654531
-0.10151592832266665
-0.1015159190078867
-0.10151591038320391
-0.1015159026554992
-0.101515895259924
-0.10151588106096135
-0.10151586582925624
-0.10151585206031732
-0.10151583932886372
-0.10151582729535764
-0.10151581431030121
-0.10151580065340143
-0.10151578654444227
-0.10151577225062512
-0.10151575815622128
-0.10151574441223923
-0.10151573053531819
-0.10151571674489693
-0.1015157031841781
-0.10151569017326098
-0.10151567967550901
-0.10151567436444354
-0.10151567681303277
-0.10151569176241111
-0.10151572740869706
-0.10151578233553044
-0.1015158485020377
-0.10151587984774235
-0.10151626063469568
-0.10151629292268698
-0.10151631955431496
-0.10151633300855237
-0.10151632674757141
-0.10151630782435596
-0.10151628699756236
-0.10151626936519532
-0.1015162563722237
-0.10151624843796483
-0.10151624511954319
-0.1015162451663499
-0.10151624745548127
-0.10151625104102409
-0.10151625495304897
-0.10151625874315953
-0.1015162625188569
-0.10151626607014796
-0.10151626945070279
-0.10151627239540684
-0.10151627436841855
-0.10151626520254757
-0.10151624900015364
-0.10151623313661017
-0.10151622528370223
-0.10151621773496393
-0.10151621001438355
-0.10151620228810723
-0.10151619467209873
-0.10151618723076371
-0.10151618005855222
-0.10151617320479883
-0.10151616672029683
-0.10151616063045218
-0.1015161549604953
-0.10151614972937338
-0.10151614485644805
-0.1015161403741037
-0.10151613618816674
-0.10151613228935079
-0.10151612860924675
-0.10151612505695307
-0.10151612165710701
-0.10151611832711732
-0.10151611497496846
-0.10151611166085545
-0.10151610828873389
-0.10151610482376748
-0.10151610133281827
-0.10151609772700795
-0.10151609403574353
-0.10151609022961237
-0.10151608633991799
-0.1015160823777379
-0.10151607830139117
-0.10151607570942306
-0.10151607375901538
-0.10151606754268189
-0.10151605873943707
-0.10151604890035128
-0.10151603840575228
-0.10151602869437633
-0.10151601957478426
-0.10151601092825165
-0.10151600279205011
-0.10151599508679017
-0.10151598786462493
-0.10151598100022674
-0.1015159745656855
-0.10151596852479622
-0.10151596285449516
-0.10151595748122666
-0.10151595257747009
-0.10151594812572276
-0.10151594429699418
-0.10151594117995978
-0.10151593848017154
-0.10151593118673484
-0.10151592313684113
-0.10151591813021442
-0.10151590908322358
-0.10151589778551881
-0.10151588409008705
-0.10151586979853058
-0.10151585635298042
-0.10151584465221787
-0.10151583544372599
-0.10151582889743622
-0.1015158239270764
-0.10151582032589813
-0.10151581778958495
-0.10151581628978827
-0.10151581803202478
-0.10151582626974479
-0.10151584429534466
-0.10151587805907061
-0.10151593915596696
-0.10151602811361927
-0.10151612331175192
-0.10151620976935317
-0.10151588150708371
-0.10151593259564894
-0.10151596267538077
-0.10151598597892793
-0.1015160073612177
-0.1015160316764719
-0.1015160608199369
-0.10151609303304607
-0.1015161257534624
-0.10151615734498581
-0.10151618663089676
-0.1015162127869389
-0.10151623548918139
-0.10151625481057214
-0.10151627082140588
-0.10151628384505727
-0.10151629422994389
-0.101516301986574
-0.10151630704705562
-0.10151630906568729
-0.101516307450965
-0.1015162979175099
-0.10151627594577656
-0.10151624861555066
-0.1015162282398481
-0.10151620784394011
-0.10151618757301277
-0.10151616816548253
-0.10151615004873125
-0.10151613335927784
-0.1015161181517564
-0.10151610443196925
-0.1015160921371732
-0.10151608119154847
-0.10151607146323308
-0.10151606283354697
-0.10151605520477834
-0.10151604838096055
-0.10151604229051664
-0.10151603678534671
-0.1015160317960065
-0.10151602718097247
-0.10151602291267937
-0.10151601891768049
-0.10151601514275231
-0.10151601153834142
-0.10151600811305081
-0.10151600486112497
-0.10151600175426714
-0.10151599882120263
-0.10151599606566573
-0.10151599352538426
-0.10151599120956248
-0.10151598918995708
-0.10151598825071184
-0.10151598259461933
-0.10151597523695605
-0.10151596814887986
-0.10151596142775002
-0.10151595578614317
-0.1015159510422265
-0.1015159470861593
-0.10151594389584638
-0.10151594136418238
-0.10151593947949207
-0.10151593819318848
-0.10151593746421339
-0.1015159372842958
-0.10151593758862262
-0.10151593840787092
-0.1015159397607327
-0.10151594158910389
-0.10151594395376623
-0.10151594692191579
-0.10151595051719885
-0.10151595505392229
-0.1015159598581721
-0.10151596263146377
-0.10151596602162023
-0.10151596844715269
-0.10151595805210745
-0.10151593968447425
-0.10151591507250288
-0.10151588769820642
-0.10151586015585498
-0.10151583391658178
-0.10151581001309357
-0.10151578861981088
-0.10151576827326315
-0.10151574809518464
-0.1015157272418379
-0.10151570477799711
-0.10151568220220472
-0.10151566235368027
-0.10151564804226418
-0.1015156443490018
-0.10151566418566331
-0.10151571490928898
-0.10151577678592844
-0.10151583527851063
-0.1015138263742853
-0.10151382985646888
-0.10151384509384719
-0.1015138775918672
-0.10151392591775338
-0.10151398433541793
-0.1015140481890289
-0.10151411459337012
-0.10151418132624174
-0.10151424698991894
-0.10151431131156409
-0.10151437443771158
-0.10151443717085498
-0.10151450031996888
-0.10151456195284117
-0.10151462060807304
-0.10151467438607899
-0.10151472094228502
-0.10151475767931968
-0.10151478281837167
-0.10151479519538677
-0.10151479511412219
-0.10151478274408383
-0.10151475813372253
-0.10151472872367004
-0.101514699893012
-0.1015146717740013
-0.101514644193301
-0.10151461704001918
-0.10151459037420779
-0.10151456424976735
-0.10151453871936653
-0.10151451380709654
-0.10151448960521832
-0.10151446618789084
-0.10151444358072065
-0.1015144218550116
-0.10151440149915121
-0.1015143822750802
-0.10151436400268134
-0.10151434676244682
-0.10151433054975884
-0.10151431538836699
-0.10151430129657843
-0.10151428825208786
-0.10151427630312573
-0.10151426539313263
-0.10151425555958353
-0.10151424677261923
-0.10151423902405678
-0.1015142323263481
-0.10151422665783055
-0.10151422201773064
-0.10151421836887735
-0.10151421579842348
-0.10151421446185024
-0.10151421420544449
-0.1015142151940372
-0.10151421734977524
-0.1015142205872472
-0.10151422491654469
-0.10151423033783734
-0.10151423685650841
-0.10151424445552458
-0.10151425321357378
-0.10151426313652685
-0.10151427423999328
-0.10151428660157084
-0.10151430025801012
-0.10151431523439554
-0.10151433158403213
-0.10151434930874198
-0.1015143684366955
-0.10151438896031809
-0.10151441081795991
-0.10151443442000563
-0.10151446004759698
-0.10151448160637054
-0.10151449292220857
-0.10151449367793848
-0.10151448566519945
-0.10151446955926749
-0.10151444637213856
-0.10151441725675263
-0.10151438457180338
-0.1015143486316186
-0.1015143103248056
-0.10151427035169694
-0.1015142288122986
-0.10151418550864325
-0.10151414025481179
-0.10151409287981634
-0.10151404374645014
-0.10151399412512485
-0.10151394586082672
-0.10151390126602992
-0.1015138644012231
-0.10151384030330138
-0.1015138292843388
-0.10151382668888588
);

boundaryField
{
    inlet
    {
        type            cyclic;
    }
    outlet
    {
        type            cyclic;
    }
    topWall
    {
        type            zeroGradient;
    }
    bottomWall
    {
        type            zeroGradient;
    }
    defaultFaces
    {
        type            empty;
    }
}

// * * * * * * * * * * * * * * * * * * * * * * * * * * * * * * * * * * * * * //