/*--------------------------------*- C++ -*----------------------------------*\
| =========                 |                                                 |
| \\      /  F ield         | OpenFOAM: The Open Source CFD Toolbox           |
|  \\    /   O peration     | Version:  v1912                                 |
|   \\  /    A nd           | Website:  www.openfoam.com                      |
|    \\/     M anipulation  |                                                 |
\*---------------------------------------------------------------------------*/
FoamFile
{
    version     2.0;
    format      ascii;
    class       volVectorField;
    location    "10000";
    object      U;
}
// * * * * * * * * * * * * * * * * * * * * * * * * * * * * * * * * * * * * * //

dimensions      [0 1 -1 0 0 0 0];


internalField   nonuniform List<vector> 
3000
(
(0.379352 0.0107061 -5.50836e-22)
(0.346464 -0.011421 -2.62642e-20)
(0.280421 -0.0420615 0)
(0.0891476 -0.0341441 1.92943e-18)
(-0.131056 0.0462127 -1.51136e-17)
(-0.136487 0.0759396 -2.28032e-21)
(-0.108627 0.0716252 -2.68295e-17)
(-0.095189 0.0665964 -1.75538e-20)
(-0.0834874 0.059374 7.26797e-17)
(-0.0736192 0.0523716 -4.09234e-17)
(-0.06844 0.0485302 8.91816e-17)
(-0.0677352 0.0479683 -4.65977e-17)
(-0.0701229 0.049384 -4.76859e-17)
(-0.0733969 0.0511543 -1.92532e-19)
(-0.0762606 0.0519864 -5.54905e-21)
(-0.0784945 0.0512941 5.14306e-17)
(-0.0799093 0.0488438 4.2e-19)
(-0.0809149 0.044721 -4.24678e-19)
(-0.082436 0.0393933 -2.83338e-17)
(-0.0847214 0.0332724 0)
(-0.0879308 0.0263574 2.89178e-17)
(-0.0940808 0.0187058 4.15721e-19)
(-0.108437 0.0106512 -7.31719e-18)
(-0.131456 0.00443408 7.25864e-19)
(-0.149938 0.00294516 3.52055e-19)
(-0.15823 0.00219529 -3.39663e-19)
(-0.160641 0.00165178 1.79397e-19)
(-0.159328 0.00123242 -1.78238e-19)
(-0.15528 0.00091595 0)
(-0.149514 0.000697132 0)
(-0.142694 0.000544765 2.1491e-19)
(-0.135235 0.00043404 -2.21003e-19)
(-0.127402 0.000350473 2.42429e-19)
(-0.119382 0.000287315 7.0662e-21)
(-0.111317 0.000240379 -2.67515e-19)
(-0.103305 0.000203565 -2.92266e-19)
(-0.095401 0.000173009 3.04024e-19)
(-0.0876603 0.000151404 0)
(-0.0801257 0.000133565 -1.75973e-19)
(-0.072814 0.000118906 1.83571e-19)
(-0.0657457 0.000108658 -1.98731e-19)
(-0.0589396 0.000100767 -3.46448e-21)
(-0.0523945 9.34903e-05 2.20458e-19)
(-0.0461238 8.82322e-05 -1.18743e-19)
(-0.0401206 8.19471e-05 1.24129e-19)
(-0.0343781 6.56284e-05 0)
(-0.0289411 6.13381e-05 0)
(-0.023747 4.52333e-05 0)
(-0.0188997 9.23416e-06 0)
(-0.0143142 -1.60199e-05 0)
(-0.010028 -4.07789e-05 0)
(-0.00601707 -6.59327e-05 0)
(-0.00227477 -9.23194e-05 0)
(0.00128511 -0.000103054 0)
(0.00451104 -9.88032e-05 0)
(0.00750202 -9.79205e-05 0)
(0.0102493 -9.9186e-05 0)
(0.0127574 -0.000101085 0)
(0.0150273 -0.000103226 0)
(0.0170556 -0.000105369 0)
(0.018836 -0.000107426 3.70157e-19)
(0.0203584 -0.000109285 2.53629e-21)
(0.0216087 -0.000110801 -1.10729e-18)
(0.0225684 -0.000112157 1.47987e-18)
(0.0232144 -0.00011435 -7.42195e-19)
(0.0235272 -0.000121874 0)
(0.0235378 -0.000136612 7.62203e-19)
(0.0232224 -0.000152809 -5.48645e-15)
(0.0225063 -0.000163448 -5.68275e-15)
(0.0212807 -0.000167475 8.00972e-19)
(0.0194284 -0.000171511 5.40698e-21)
(0.0168486 -0.000182742 -8.4488e-19)
(0.0134617 -0.000205276 0)
(0.00923546 -0.000246027 0)
(0.00408658 -0.000274199 1.99363e-18)
(-0.00164176 -0.000430229 -2.01958e-18)
(-0.0100874 -0.000356736 0)
(-0.0166769 -0.00149738 -2.98081e-17)
(-0.0166764 -0.0023279 0)
(-0.0122646 -0.0016394 1.1583e-16)
(-0.00541818 0.000696939 0)
(0.00412313 0.00543983 0)
(0.0158597 0.0124608 -1.93388e-16)
(0.0300041 0.02188 -3.37302e-16)
(0.0461122 0.0331918 0)
(0.0638959 0.0458255 0)
(0.0824687 0.058823 0)
(0.0997091 0.0709269 0)
(0.116155 0.0831376 2.00054e-19)
(0.133542 0.0967283 -1.86499e-19)
(0.154303 0.113684 1.70323e-16)
(0.185716 0.138737 0)
(0.23652 0.174548 2.7913e-20)
(0.312931 0.21908 -5.13666e-19)
(0.421872 0.266359 3.07821e-17)
(0.565211 0.297913 4.96427e-19)
(0.698412 0.270587 1.0167e-21)
(0.728306 0.176948 -1.05117e-21)
(0.630169 0.0817756 0)
(0.478675 0.0296167 0)
(0.701305 0.0136762 2.18274e-22)
(0.67196 -0.0170525 -4.44042e-20)
(0.586159 -0.0648778 1.58612e-22)
(0.389188 -0.0790252 0)
(0.115726 -0.0122872 9.03609e-18)
(-0.18562 0.138193 -4.13198e-21)
(-0.18864 0.147953 2.21451e-20)
(-0.176547 0.143683 2.31172e-17)
(-0.16647 0.134832 -2.66381e-17)
(-0.158825 0.126806 2.05065e-19)
(-0.155397 0.122733 -3.23832e-17)
(-0.155251 0.12197 1.24059e-19)
(-0.15781 0.123533 1.29736e-19)
(-0.161622 0.125253 -1.25516e-19)
(-0.165289 0.12459 -3.20781e-17)
(-0.16878 0.120486 -5.05274e-19)
(-0.172151 0.112671 3.21988e-17)
(-0.175699 0.101351 -3.18923e-17)
(-0.179884 0.0874561 1.5693e-17)
(-0.184716 0.072072 2.44959e-19)
(-0.189914 0.0555845 -1.52427e-17)
(-0.196411 0.038559 -7.77004e-18)
(-0.206518 0.0219708 3.50223e-18)
(-0.219978 0.00929653 -2.01173e-19)
(-0.229534 0.00422694 0)
(-0.229731 0.000982653 0)
(-0.224575 -0.00106803 1.98827e-19)
(-0.21619 -0.00233977 -1.96867e-19)
(-0.206098 -0.00315608 0)
(-0.194978 -0.00366343 0)
(-0.183233 -0.00397051 -2.35868e-19)
(-0.171124 -0.00415043 -7.72393e-21)
(-0.158828 -0.00424494 2.57486e-19)
(-0.146483 -0.00427493 -1.40989e-19)
(-0.134199 -0.00425589 1.4622e-19)
(-0.122047 -0.00420741 0)
(-0.11007 -0.00414003 0)
(-0.0983198 -0.00404764 1.81752e-19)
(-0.0868278 -0.0039461 -3.84093e-19)
(-0.075611 -0.00383798 4.10389e-19)
(-0.0646845 -0.00371927 -4.38809e-19)
(-0.0540733 -0.00359818 3.5114e-19)
(-0.0437622 -0.00347651 1.95796e-21)
(-0.0337916 -0.00335575 -1.3372e-19)
(-0.024115 -0.00323113 0)
(-0.0147967 -0.00311442 0)
(-0.00590509 -0.0029983 0)
(0.00291679 -0.00285136 4.35563e-20)
(0.0110782 -0.00268593 -2.11069e-20)
(0.0188725 -0.00252696 -2.10459e-20)
(0.0263016 -0.00237965 2.09928e-20)
(0.0333804 -0.00224204 -2.05515e-20)
(0.040113 -0.00211465 0)
(0.0465144 -0.00197914 0)
(0.0525752 -0.00183424 0)
(0.0583129 -0.00169653 0)
(0.0637189 -0.00156322 0)
(0.0687923 -0.00143168 0)
(0.0735298 -0.00130006 -3.18418e-19)
(0.0779243 -0.00116663 3.16023e-19)
(0.0819654 -0.00102971 0)
(0.0856376 -0.000887332 0)
(0.08892 -0.000737125 -3.21183e-19)
(0.091785 -0.000576603 6.44695e-19)
(0.0941944 -0.000403612 2.13378e-21)
(0.0960971 -0.000219229 2.13948e-21)
(0.0973912 -2.13421e-05 -6.69304e-19)
(0.0979809 0.000197605 -3.4443e-19)
(0.0978585 0.000455241 6.9435e-19)
(0.0968577 0.000774417 0)
(0.0947735 0.0011604 0)
(0.0913805 0.00160687 -7.71355e-19)
(0.0864305 0.002109 1.61799e-18)
(0.0796688 0.00266134 -8.5966e-19)
(0.0706793 0.00327109 0)
(0.0598613 0.00384451 -1.04192e-18)
(0.0435968 0.00492507 1.17743e-18)
(0.0298165 0.00439171 0)
(0.0292703 0.00425603 0)
(0.0378598 0.00779657 0)
(0.0491796 0.0146585 -9.20511e-19)
(0.0627664 0.0248565 7.89882e-19)
(0.0792379 0.0385997 -6.95976e-19)
(0.0986003 0.0557572 6.66752e-19)
(0.120563 0.0756408 -7.04854e-17)
(0.144903 0.0974205 -4.99584e-19)
(0.170975 0.120122 4.61415e-19)
(0.197303 0.142754 0)
(0.223773 0.165895 5.11296e-17)
(0.251569 0.190882 0)
(0.282842 0.219504 -3.25411e-19)
(0.323318 0.254858 0)
(0.381115 0.298106 0)
(0.463024 0.34484 -2.29108e-17)
(0.574071 0.384194 -1.5827e-17)
(0.71314 0.394047 5.08489e-19)
(0.851567 0.335173 1.02668e-18)
(0.910757 0.203274 7.72709e-19)
(0.856972 0.0852428 0)
(0.758418 0.0306725 0)
(0.807416 0.0200373 0)
(0.785966 -0.0140003 2.77202e-20)
(0.723236 -0.0669366 2.26198e-19)
(0.566859 -0.1003 0)
(0.339984 -0.0697401 0)
(0.0556182 0.0350866 -1.08411e-17)
(-0.15186 0.128053 1.70261e-17)
(-0.175345 0.14101 -1.50524e-19)
(-0.177226 0.141013 0)
(-0.176825 0.140065 1.82705e-17)
(-0.177659 0.13991 1.95812e-17)
(-0.179467 0.140875 2.03548e-17)
(-0.181967 0.142665 0)
(-0.184655 0.143622 -2.04129e-17)
(-0.187111 0.142011 2.02889e-17)
(-0.189561 0.13694 0)
(-0.192244 0.128188 -1.93637e-17)
(-0.195523 0.11587 1.98056e-19)
(-0.199545 0.100662 -1.93687e-17)
(-0.203954 0.0835064 9.33277e-18)
(-0.208346 0.0649215 1.83828e-17)
(-0.212865 0.0455215 0)
(-0.218214 0.02659 -1.83185e-18)
(-0.223081 0.0119102 -2.3715e-19)
(-0.223677 0.00450279 2.27546e-19)
(-0.219271 -0.000566668 -2.12542e-19)
(-0.211736 -0.00377066 1.08206e-19)
(-0.202111 -0.0057314 -2.1539e-19)
(-0.191129 -0.00694939 -3.99294e-21)
(-0.179277 -0.0077082 1.12911e-19)
(-0.166884 -0.00817033 0)
(-0.154171 -0.00844021 -1.27329e-19)
(-0.141294 -0.00857736 1.29462e-19)
(-0.128374 -0.00861128 0)
(-0.115516 -0.00856547 0)
(-0.102789 -0.00847118 0)
(-0.0902335 -0.00834489 0)
(-0.0778961 -0.00817745 0)
(-0.0658055 -0.00799293 -8.9264e-20)
(-0.0539886 -0.00779767 9.20113e-20)
(-0.042444 -0.0075844 -9.84982e-20)
(-0.0312128 -0.00736866 1.01766e-19)
(-0.0202574 -0.00714679 0)
(-0.00965565 -0.00692548 5.71207e-20)
(0.000701379 -0.00668632 8.19319e-22)
(0.0106635 -0.00642615 7.85383e-22)
(0.0201515 -0.00618071 -5.96524e-20)
(0.0293384 -0.00590599 0)
(0.0381141 -0.00559832 0)
(0.0465546 -0.00531116 0)
(0.0546457 -0.0050411 0)
(0.0623951 -0.00478366 0)
(0.0698064 -0.00453646 0)
(0.0768867 -0.00428961 0)
(0.083643 -0.00404177 6.35043e-20)
(0.0900806 -0.00379964 5.23895e-22)
(0.0961945 -0.00356042 -6.39931e-20)
(0.101983 -0.0033213 0)
(0.107444 -0.00307979 0)
(0.112571 -0.00283327 -1.32569e-19)
(0.117357 -0.00257883 1.33013e-19)
(0.121788 -0.00231304 -1.35484e-19)
(0.125848 -0.00203166 1.36249e-19)
(0.129516 -0.00172969 0)
(0.13276 -0.00140108 -2.8237e-19)
(0.135541 -0.00103788 2.85352e-19)
(0.137799 -0.000631042 0)
(0.139452 -0.000178401 2.99762e-19)
(0.140378 0.000341276 1.99023e-21)
(0.140546 0.000972304 2.06169e-21)
(0.139789 0.00173897 2.15939e-21)
(0.137913 0.00264647 -6.76615e-19)
(0.134692 0.00370316 7.08216e-19)
(0.12987 0.00492379 2.65373e-21)
(0.123068 0.00630839 -1.19905e-18)
(0.114322 0.00786618 8.60505e-19)
(0.101095 0.0100648 0)
(0.089784 0.0118413 -7.18627e-18)
(0.0859936 0.0142667 -1.57877e-17)
(0.0892763 0.019858 -2.80631e-17)
(0.0969178 0.0289313 0)
(0.108053 0.0412573 2.11191e-17)
(0.122805 0.0567707 3.7729e-17)
(0.141077 0.0752079 3.41578e-17)
(0.16254 0.0959358 3.14809e-17)
(0.18686 0.118244 -2.24967e-19)
(0.213428 0.141465 0)
(0.241118 0.16518 1.97304e-19)
(0.26975 0.189961 -4.799e-17)
(0.300394 0.216913 2.21218e-17)
(0.335152 0.247293 -4.03307e-17)
(0.378983 0.282435 0)
(0.438948 0.321396 -1.40923e-17)
(0.520588 0.358485 1.07627e-17)
(0.626064 0.382251 4.19465e-21)
(0.749874 0.373322 4.49864e-18)
(0.865883 0.307128 -5.74408e-19)
(0.921834 0.19194 -2.10719e-19)
(0.899773 0.091934 -1.10355e-19)
(0.84317 0.0409441 0)
(0.844642 0.0253201 0)
(0.827564 -0.0075889 4.97643e-20)
(0.784987 -0.054811 -1.52061e-19)
(0.673949 -0.0960671 -7.53112e-19)
(0.496942 -0.0930432 3.64808e-21)
(0.274038 -0.03702 5.32809e-18)
(0.0426325 0.0451443 -1.0326e-17)
(-0.11074 0.104126 -1.18305e-17)
(-0.146333 0.118514 0)
(-0.155404 0.123664 -1.08908e-17)
(-0.160755 0.127889 -2.3248e-17)
(-0.16552 0.13163 0)
(-0.169991 0.135199 -1.24192e-17)
(-0.174234 0.137281 1.24635e-17)
(-0.178056 0.136723 1.95095e-19)
(-0.181655 0.132724 -1.88151e-19)
(-0.185231 0.125032 0)
(-0.189104 0.113704 1.2012e-17)
(-0.193309 0.0992555 5.93439e-18)
(-0.197472 0.0825382 -5.84241e-18)
(-0.20125 0.064241 -5.71988e-18)
(-0.204511 0.0451213 2.56242e-18)
(-0.207225 0.0265828 1.60618e-19)
(-0.207909 0.0118323 7.44031e-20)
(-0.205015 0.00295852 0)
(-0.199191 -0.00324734 0)
(-0.191115 -0.00723857 0)
(-0.18128 -0.00975165 0)
(-0.170236 -0.0113446 0)
(-0.158385 -0.0123455 0)
(-0.146018 -0.0129545 0)
(-0.13334 -0.0133048 0)
(-0.120499 -0.0134732 0)
(-0.10761 -0.0134978 0)
(-0.0947727 -0.01341 0)
(-0.0820553 -0.013253 0)
(-0.069502 -0.0130501 0)
(-0.0571568 -0.0127906 0)
(-0.0450392 -0.0125044 0)
(-0.0331963 -0.0122044 0)
(-0.0216025 -0.0118786 0)
(-0.0103232 -0.0115486 0)
(0.000711998 -0.0112013 0)
(0.0113733 -0.010841 0)
(0.0216518 -0.0104609 0)
(0.0315764 -0.0100509 0)
(0.0411222 -0.0096521 0)
(0.0503309 -0.00924483 1.56771e-20)
(0.0591926 -0.0088217 -1.56693e-20)
(0.0677336 -0.00841697 0)
(0.0759415 -0.00802891 0)
(0.0838195 -0.0076541 -1.63599e-20)
(0.0913704 -0.0072895 -1.66871e-20)
(0.0985987 -0.00692774 3.31263e-20)
(0.105512 -0.0065669 0)
(0.112114 -0.00621023 0)
(0.1184 -0.00585528 0)
(0.124371 -0.00549903 0)
(0.130023 -0.00513841 0)
(0.135351 -0.00476993 0)
(0.140349 -0.00438962 0)
(0.145006 -0.00399268 0)
(0.149308 -0.00357324 1.49176e-19)
(0.153237 -0.00312406 -1.50437e-19)
(0.156767 -0.00263607 0)
(0.159866 -0.00209739 0)
(0.162491 -0.0014925 0)
(0.164587 -0.000806642 0)
(0.166068 -2.41353e-05 0)
(0.166862 0.000900097 0)
(0.166895 0.00201488 0)
(0.16601 0.00334079 0)
(0.164042 0.00489893 0)
(0.1608 0.00672206 0)
(0.156002 0.00882687 0)
(0.149596 0.0113019 0)
(0.139904 0.0144015 -3.68469e-19)
(0.130798 0.0177454 5.16414e-19)
(0.126338 0.0221502 8.64772e-18)
(0.127199 0.0292357 2.8388e-17)
(0.13251 0.0394303 0)
(0.141867 0.0525892 -2.38575e-20)
(0.155307 0.0685532 -2.04837e-17)
(0.172657 0.0870209 0)
(0.193495 0.107454 -2.64661e-19)
(0.217386 0.129291 2.45097e-19)
(0.243717 0.152113 1.13988e-19)
(0.271611 0.175827 -1.38826e-17)
(0.301064 0.200959 1.31049e-17)
(0.333241 0.228357 -1.82335e-19)
(0.37035 0.258775 1.10731e-17)
(0.416934 0.292302 9.37415e-18)
(0.478827 0.326639 7.95559e-18)
(0.559777 0.355482 -6.20643e-18)
(0.659302 0.36791 4.13536e-18)
(0.769077 0.348558 1.60063e-21)
(0.865713 0.283924 -3.25025e-22)
(0.913281 0.186758 -1.25935e-19)
(0.905017 0.101384 7.05655e-20)
(0.870154 0.0512552 -9.86824e-22)
(0.864293 0.0300669 0)
(0.849303 -0.00074877 -3.51097e-20)
(0.818284 -0.0401589 7.65906e-22)
(0.74151 -0.0798624 5.40289e-19)
(0.610177 -0.0938051 0)
(0.437008 -0.0709375 -3.41441e-18)
(0.24319 -0.0217018 -5.69275e-18)
(0.0518116 0.0395349 1.63428e-20)
(-0.0771063 0.0837295 0)
(-0.11509 0.0981493 -2.17916e-20)
(-0.130129 0.107615 7.93841e-18)
(-0.139397 0.11486 -8.15326e-18)
(-0.146499 0.120688 8.30078e-18)
(-0.153079 0.124456 0)
(-0.158932 0.125425 1.29492e-19)
(-0.164197 0.122927 -2.55463e-19)
(-0.168995 0.11672 1.25944e-19)
(-0.173607 0.106837 -3.78829e-18)
(-0.178058 0.0936911 3.76648e-18)
(-0.182079 0.0780537 -2.51544e-19)
(-0.185416 0.0607128 2.42222e-19)
(-0.187809 0.0425317 -4.03037e-18)
(-0.188796 0.0249008 2.22966e-19)
(-0.186954 0.0103646 -2.63577e-20)
(-0.182035 0.000418468 -1.01559e-19)
(-0.1754 -0.00674194 -3.18775e-21)
(-0.166966 -0.011514 9.35387e-20)
(-0.157071 -0.014625 0)
(-0.146115 -0.0166378 1.00194e-19)
(-0.134424 -0.0179189 -9.95757e-20)
(-0.122251 -0.0187032 0)
(-0.109785 -0.0191535 0)
(-0.0971619 -0.0193655 0)
(-0.0844897 -0.0193865 0)
(-0.0718635 -0.0192567 -1.23008e-19)
(-0.059346 -0.019032 2.52206e-19)
(-0.0469891 -0.0187442 3.01976e-21)
(-0.0348346 -0.0183849 -2.03152e-19)
(-0.0228792 -0.0179834 6.98095e-20)
(-0.0112127 -0.0175631 -7.38495e-20)
(0.000240761 -0.0171049 7.46849e-20)
(0.0113659 -0.0166259 0)
(0.0221373 -0.0161232 -7.82057e-20)
(0.0325668 -0.0155941 7.79192e-20)
(0.0426511 -0.015047 0)
(0.0524052 -0.0144823 -4.04411e-20)
(0.0618216 -0.013926 4.03745e-20)
(0.0709072 -0.013367 0)
(0.0796714 -0.0128004 0)
(0.0881258 -0.0122498 0)
(0.0962621 -0.0117152 -1.06774e-20)
(0.104081 -0.0111944 1.06875e-20)
(0.111584 -0.0106846 0)
(0.118775 -0.0101802 0)
(0.12566 -0.00967855 0)
(0.13224 -0.0091806 0)
(0.138514 -0.00868373 0)
(0.14448 -0.00818455 0)
(0.150137 -0.00767931 0)
(0.15548 -0.00716362 9.44483e-20)
(0.160502 -0.00663234 6.86892e-22)
(0.165195 -0.00607924 6.80544e-22)
(0.169547 -0.00549674 -9.75205e-20)
(0.173541 -0.00487535 0)
(0.177156 -0.00420318 0)
(0.180365 -0.00346499 0)
(0.183134 -0.00264145 -2.09366e-19)
(0.185419 -0.00171065 4.25757e-19)
(0.187168 -0.000650553 1.43789e-21)
(0.188293 0.000581615 -2.22576e-19)
(0.188766 0.00204545 0)
(0.188468 0.00378122 2.3654e-19)
(0.187276 0.00581917 -2.42952e-19)
(0.185054 0.00820588 0)
(0.181597 0.0109818 2.66638e-19)
(0.17684 0.0142843 -2.7948e-19)
(0.16961 0.0182896 5.23807e-19)
(0.162461 0.022933 1.8861e-18)
(0.158724 0.0288138 -6.29969e-19)
(0.159171 0.0369531 -8.58763e-18)
(0.1637 0.0477973 0)
(0.172318 0.0613048 -7.42039e-18)
(0.185168 0.0773047 0)
(0.202088 0.0954935 0)
(0.222615 0.115419 0)
(0.246268 0.136652 -1.58648e-19)
(0.272475 0.158962 1.49193e-19)
(0.300585 0.182435 9.01123e-18)
(0.330825 0.207506 -6.47287e-20)
(0.364499 0.234733 -7.82591e-18)
(0.403902 0.264323 7.00306e-18)
(0.453114 0.295352 -2.5984e-19)
(0.516645 0.324563 0)
(0.596351 0.345463 -3.76528e-18)
(0.689493 0.348377 -1.93575e-19)
(0.786271 0.322256 2.42555e-21)
(0.866753 0.261566 -2.57408e-21)
(0.907011 0.179878 -2.30608e-20)
(0.905872 0.106764 -3.91546e-23)
(0.883503 0.0587927 1.16885e-21)
(0.879337 0.035139 5.3269e-22)
(0.865818 0.0061465 -1.9826e-21)
(0.841462 -0.0268255 -3.01264e-22)
(0.787485 -0.061337 1.99628e-21)
(0.692783 -0.0827331 0)
(0.562132 -0.0803516 2.38213e-18)
(0.407448 -0.0567922 3.53692e-18)
(0.240899 -0.0171474 0)
(0.0807332 0.0279584 0)
(-0.0322673 0.0622403 7.80537e-18)
(-0.0780974 0.0790388 1.10843e-19)
(-0.100398 0.0920258 6.31438e-18)
(-0.113142 0.101317 0)
(-0.123448 0.107659 0)
(-0.132057 0.110598 5.94127e-18)
(-0.139465 0.109838 1.89868e-19)
(-0.145809 0.1053 -1.94068e-19)
(-0.151362 0.097081 3.28453e-18)
(-0.156188 0.0855321 -3.08785e-18)
(-0.160164 0.0713439 0)
(-0.163143 0.0553414 0)
(-0.16481 0.038423 1.46741e-18)
(-0.16442 0.0218314 0)
(-0.160597 0.00750081 0)
(-0.153927 -0.00328039 0)
(-0.146542 -0.01124 1.59421e-19)
(-0.137731 -0.0167433 -1.53644e-19)
(-0.127783 -0.0204424 1.61332e-19)
(-0.116961 -0.0228875 -3.24122e-19)
(-0.105507 -0.024467 1.6381e-19)
(-0.0936323 -0.025442 0)
(-0.081494 -0.0260027 0)
(-0.0692221 -0.0262638 -9.34447e-20)
(-0.0569111 -0.0262828 9.4044e-20)
(-0.0446475 -0.0261099 1.00096e-19)
(-0.0324756 -0.0258098 2.52277e-21)
(-0.0204713 -0.0254242 -1.04722e-19)
(-0.00867358 -0.0249576 0)
(0.00298427 -0.0244202 1.13567e-19)
(0.0143016 -0.0238431 -2.27873e-19)
(0.0253324 -0.0232246 1.72296e-19)
(0.0360548 -0.0225664 -5.77439e-20)
(0.0464609 -0.0218789 0)
(0.0565509 -0.0211688 -5.99457e-20)
(0.0663234 -0.0204425 5.96921e-20)
(0.0757857 -0.0197033 -3.05771e-20)
(0.0849358 -0.0189688 -3.9065e-22)
(0.0937732 -0.018235 4.63938e-20)
(0.102306 -0.0175003 -1.5562e-20)
(0.110541 -0.0167796 2.42511e-25)
(0.118473 -0.0160742 -8.02318e-21)
(0.126102 -0.0153831 8.01992e-21)
(0.133429 -0.0147038 0)
(0.140456 -0.014032 -3.30244e-20)
(0.147187 -0.013365 9.9745e-20)
(0.153622 -0.0127015 5.6688e-22)
(0.159762 -0.0120387 -6.74631e-20)
(0.165605 -0.0113726 0)
(0.171149 -0.0106987 0)
(0.176389 -0.0100116 -1.40332e-19)
(0.18132 -0.00930505 1.40854e-19)
(0.185934 -0.00857134 -1.43518e-19)
(0.19022 -0.0078011 1.44242e-19)
(0.194163 -0.0069827 0)
(0.197747 -0.00610162 0)
(0.200947 -0.00513959 0)
(0.203736 -0.00407394 0)
(0.206079 -0.00287813 -1.56277e-19)
(0.207936 -0.00152149 4.76889e-19)
(0.209243 3.57987e-05 -3.23516e-19)
(0.209963 0.00185894 3.32424e-19)
(0.210027 0.004005 2.32193e-21)
(0.209341 0.00651275 -6.95973e-19)
(0.207807 0.00944083 3.57564e-19)
(0.205279 0.0128552 0)
(0.201695 0.0169232 0)
(0.196201 0.0218033 0)
(0.19074 0.0275361 1.27231e-18)
(0.188152 0.0345891 8.58086e-19)
(0.189164 0.0436113 2.96865e-21)
(0.193903 0.0549542 -3.65997e-19)
(0.202582 0.0686317 -5.32477e-18)
(0.21545 0.0844909 4.81411e-18)
(0.232389 0.102259 2.74088e-19)
(0.252943 0.121576 -2.51401e-19)
(0.276638 0.142141 0)
(0.302984 0.163861 -1.0737e-19)
(0.331559 0.1869 6.63108e-18)
(0.362808 0.211553 -6.16759e-18)
(0.398158 0.238032 5.57023e-18)
(0.439868 0.265958 -5.10212e-18)
(0.491391 0.293571 -8.56277e-18)
(0.555799 0.31702 -1.28364e-20)
(0.633105 0.330122 2.88573e-18)
(0.71886 0.325087 -2.09273e-18)
(0.803046 0.295102 -1.61388e-21)
(0.869836 0.240007 -4.03306e-19)
(0.904346 0.172044 1.1865e-19)
(0.90791 0.109912 0)
(0.893956 0.0651183 -3.64066e-22)
(0.893277 0.0403131 -2.39096e-21)
(0.881338 0.0130322 4.65349e-20)
(0.861441 -0.0151094 3.38211e-21)
(0.822232 -0.0440943 -1.5552e-21)
(0.754564 -0.0669523 -2.43964e-21)
(0.65854 -0.0757042 0)
(0.539885 -0.0692377 2.59609e-18)
(0.406002 -0.048976 -1.31136e-20)
(0.265748 -0.019413 -7.77196e-20)
(0.131981 0.0124611 9.48792e-20)
(0.031353 0.0391599 0)
(-0.030576 0.0607384 0)
(-0.0605979 0.0743846 0)
(-0.0800815 0.0849663 1.70079e-19)
(-0.0940347 0.0911051 -5.369e-18)
(-0.105011 0.092838 0)
(-0.113796 0.0904351 -2.69976e-18)
(-0.120865 0.0842151 -1.63263e-19)
(-0.126425 0.0745845 -5.94732e-21)
(-0.130553 0.0621895 3.12474e-19)
(-0.133236 0.0478646 0)
(-0.134189 0.0324815 0)
(-0.132489 0.017015 3.03208e-19)
(-0.126724 0.00288668 -2.88393e-19)
(-0.118366 -0.00846456 -1.43738e-19)
(-0.11005 -0.0169948 1.37177e-19)
(-0.100793 -0.0230963 -1.42665e-19)
(-0.0907686 -0.0273083 1.39834e-19)
(-0.080115 -0.0301512 -1.48336e-19)
(-0.0689828 -0.0320162 1.47291e-19)
(-0.0575237 -0.0331776 1.57049e-19)
(-0.0458482 -0.0338432 4.9907e-21)
(-0.0340877 -0.0341442 4.87978e-21)
(-0.0223182 -0.0341528 -3.40804e-19)
(-0.0106085 -0.0339349 -4.61499e-21)
(0.00105354 -0.0335454 -4.45438e-21)
(0.0125112 -0.0330298 1.80898e-19)
(0.0237291 -0.0324239 0)
(0.0347306 -0.0317292 0)
(0.0454608 -0.0309647 0)
(0.0559215 -0.0301539 0)
(0.0660982 -0.0293011 9.67034e-20)
(0.0759863 -0.0284167 -9.596e-20)
(0.0855835 -0.0275092 0)
(0.0948888 -0.026586 0)
(0.103905 -0.0256528 4.99509e-20)
(0.112632 -0.0247215 -4.9704e-20)
(0.121068 -0.0237931 0)
(0.129219 -0.0228687 0)
(0.137086 -0.0219571 3.93127e-25)
(0.144669 -0.0210603 -3.92038e-25)
(0.151966 -0.0201778 0)
(0.158979 -0.0193076 0)
(0.165707 -0.0184465 -5.31453e-20)
(0.172152 -0.0175915 5.30949e-20)
(0.178317 -0.0167401 0)
(0.184199 -0.0158888 1.08876e-19)
(0.189798 -0.015033 -1.08914e-19)
(0.19511 -0.0141674 1.1073e-19)
(0.200133 -0.0132858 -1.10879e-19)
(0.20486 -0.0123805 0)
(0.209285 -0.0114424 0)
(0.213397 -0.0104604 -1.14975e-19)
(0.217184 -0.00942097 1.15395e-19)
(0.220632 -0.00830707 0)
(0.22372 -0.00709782 0)
(0.226426 -0.00576755 0)
(0.228722 -0.00428591 2.44412e-19)
(0.230576 -0.00261688 1.6441e-21)
(0.231947 -0.000718435 -2.51089e-19)
(0.23278 0.00147605 0)
(0.233059 0.00403083 2.61497e-19)
(0.232705 0.0069967 -5.31488e-19)
(0.23165 0.0104438 2.70872e-19)
(0.229792 0.0144618 0)
(0.227082 0.0192324 -2.88797e-19)
(0.222873 0.0249137 -2.6376e-19)
(0.218836 0.0315762 -6.2187e-19)
(0.21747 0.0395907 2.4989e-18)
(0.219515 0.0493718 -4.74488e-18)
(0.225057 0.0611349 -4.40881e-18)
(0.234374 0.0748988 4.07582e-18)
(0.247756 0.0905263 -7.42377e-18)
(0.265116 0.107793 0)
(0.286029 0.126436 0)
(0.310071 0.14627 0)
(0.33687 0.167289 1.67032e-19)
(0.366217 0.189642 -2.65344e-19)
(0.398731 0.213429 4.73608e-18)
(0.435878 0.23847 -8.55437e-18)
(0.479707 0.263816 -3.74373e-18)
(0.532841 0.287102 3.37266e-18)
(0.596873 0.304305 2.63521e-18)
(0.670224 0.310082 9.145e-21)
(0.747488 0.298929 1.33578e-21)
(0.819561 0.267712 -3.13069e-21)
(0.874905 0.219321 3.49312e-19)
(0.905019 0.163492 -1.00543e-19)
(0.911931 0.111235 2.97361e-20)
(0.904139 0.0702817 0)
(0.907279 0.0453038 1.98987e-21)
(0.897247 0.0198337 -3.82677e-20)
(0.880886 -0.00470229 0)
(0.851456 -0.0290377 0)
(0.802782 -0.0504269 -2.37108e-21)
(0.733376 -0.0640369 2.74393e-21)
(0.645316 -0.0677158 -1.89122e-18)
(0.542549 -0.0611048 -5.92094e-20)
(0.430823 -0.0459313 1.0091e-19)
(0.315716 -0.025864 -1.29111e-19)
(0.205519 -0.00382839 7.7838e-20)
(0.109621 0.0188383 1.80114e-19)
(0.0410036 0.0379893 5.85705e-18)
(-0.00481968 0.0537266 0)
(-0.0338288 0.0640494 3.25227e-19)
(-0.0535065 0.069482 4.60141e-21)
(-0.0676174 0.0703308 2.047e-18)
(-0.0778749 0.0669374 2.29129e-18)
(-0.0851236 0.0598215 0)
(-0.0899216 0.0497038 0)
(-0.0924971 0.0374657 0)
(-0.0927169 0.0239433 1.11437e-18)
(-0.0895265 0.00971957 0)
(-0.0813076 -0.00410851 0)
(-0.0714182 -0.0156016 0)
(-0.0620382 -0.0243837 0)
(-0.0523079 -0.0308304 -2.75791e-19)
(-0.0422379 -0.0353859 2.71129e-19)
(-0.0318479 -0.0385214 2.87898e-19)
(-0.0211876 -0.0406107 -2.85842e-19)
(-0.0103369 -0.0419277 0)
(0.000689912 -0.0426695 1.55429e-19)
(0.0117029 -0.0429665 4.56203e-21)
(0.0226538 -0.0429268 -1.53631e-19)
(0.03351 -0.0426347 0)
(0.0442413 -0.0421351 -1.60139e-19)
(0.0548005 -0.0414676 3.18806e-19)
(0.0651593 -0.040685 -1.58853e-19)
(0.0753006 -0.0398051 0)
(0.0852045 -0.0388455 0)
(0.0948626 -0.0378294 8.27611e-20)
(0.104265 -0.0367674 -8.18668e-20)
(0.113407 -0.0356711 0)
(0.122288 -0.0345506 0)
(0.130904 -0.0334143 8.47541e-20)
(0.139258 -0.0322695 -1.26715e-19)
(0.147349 -0.0311251 4.23139e-20)
(0.155177 -0.0299847 -2.15495e-20)
(0.162743 -0.0288512 2.14211e-20)
(0.170048 -0.0277299 -3.32499e-25)
(0.177092 -0.0266227 3.30862e-25)
(0.183873 -0.0255296 -2.2036e-20)
(0.190392 -0.024449 2.19486e-20)
(0.196648 -0.0233781 0)
(0.202643 -0.022314 0)
(0.208375 -0.0212533 0)
(0.213843 -0.0201917 0)
(0.219047 -0.0191242 0)
(0.223982 -0.0180446 0)
(0.228646 -0.0169455 1.85179e-19)
(0.233033 -0.0158183 -1.8513e-19)
(0.237136 -0.0146523 -1.879e-19)
(0.240946 -0.013435 1.88055e-19)
(0.244453 -0.0121507 0)
(0.247644 -0.0107805 0)
(0.250503 -0.00930119 0)
(0.253012 -0.00768463 -1.96528e-19)
(0.255148 -0.0058974 3.96162e-19)
(0.256885 -0.00390008 1.32383e-21)
(0.258198 -0.00164589 2.05326e-19)
(0.259034 0.000927968 -8.2462e-19)
(0.259405 0.00388736 8.34311e-19)
(0.259247 0.00729682 -4.21333e-19)
(0.258514 0.0112372 0)
(0.257143 0.0158164 0)
(0.255102 0.0212191 4.47598e-19)
(0.251883 0.0276044 -4.82823e-19)
(0.249046 0.0350504 -4.71539e-19)
(0.248893 0.043832 4.65042e-19)
(0.252162 0.0542025 2.04098e-20)
(0.258838 0.0662735 3.44097e-18)
(0.26918 0.0800321 -3.99041e-19)
(0.283452 0.0953465 2.9609e-18)
(0.301574 0.112041 6.79161e-19)
(0.323157 0.129941 2.18359e-18)
(0.347851 0.148943 1.45234e-19)
(0.375407 0.169065 -1.37666e-19)
(0.405791 0.190367 -8.03737e-18)
(0.439715 0.2127 -1.19742e-19)
(0.47855 0.235488 3.45537e-18)
(0.523936 0.257319 3.23218e-18)
(0.577521 0.275534 -4.29644e-20)
(0.63953 0.286405 -2.27295e-18)
(0.707272 0.285859 0)
(0.775231 0.270709 0)
(0.836033 0.240541 0)
(0.882024 0.199379 -4.28152e-19)
(0.908744 0.154132 0)
(0.917964 0.110708 -2.58413e-20)
(0.91483 0.074114 0)
(0.921838 0.0497612 1.31122e-21)
(0.914024 0.0263266 -1.3555e-21)
(0.900829 0.00460926 -2.06115e-19)
(0.87821 -0.0161585 -4.44183e-19)
(0.842589 -0.0351169 -2.00752e-21)
(0.792669 -0.0498375 2.28109e-21)
(0.728861 -0.0585655 0)
(0.652852 -0.0603647 0)
(0.56813 -0.0555124 -2.32444e-18)
(0.478201 -0.045792 0)
(0.386101 -0.0327016 0)
(0.294535 -0.0174233 0)
(0.209191 -0.00125443 -4.40517e-18)
(0.135667 0.0149565 2.98795e-19)
(0.0784436 0.0285148 -3.05063e-19)
(0.0370253 0.03791 3.0962e-19)
(0.00812413 0.0427799 -3.04576e-19)
(-0.011523 0.0430426 -5.05891e-18)
(-0.0239167 0.0392196 8.59959e-19)
(-0.0312887 0.0321566 -5.56866e-19)
(-0.0346866 0.0226364 0)
(-0.0345249 0.0114316 -1.12018e-18)
(-0.0292409 -0.00130064 0)
(-0.01884 -0.014287 0)
(-0.00717361 -0.0253259 0)
(0.00328731 -0.0339041 0)
(0.0133312 -0.0402378 0)
(0.023234 -0.0448026 0)
(0.0330939 -0.0480016 0)
(0.0429575 -0.0501587 0)
(0.0528218 -0.0515221 0)
(0.0626717 -0.05226 0)
(0.0724672 -0.0525028 0)
(0.0821826 -0.0523736 0)
(0.0917842 -0.0519611 0)
(0.101245 -0.051318 0)
(0.110544 -0.0504885 0)
(0.119666 -0.0495207 0)
(0.128592 -0.0484428 0)
(0.137313 -0.0472774 0)
(0.14582 -0.0460467 0)
(0.154108 -0.0447658 0)
(0.162173 -0.043448 0)
(0.170012 -0.0421045 0)
(0.177624 -0.040745 0)
(0.18501 -0.0393774 -7.43305e-20)
(0.192168 -0.0380094 7.36403e-20)
(0.199099 -0.0366456 -3.74232e-20)
(0.205801 -0.0352898 3.71217e-20)
(0.212275 -0.0339456 0)
(0.21852 -0.0326146 0)
(0.224535 -0.0312971 0)
(0.230318 -0.0299915 3.80895e-20)
(0.235868 -0.0286954 -3.7881e-20)
(0.241185 -0.0274058 0)
(0.246268 -0.0261185 0)
(0.251114 -0.024829 0)
(0.25572 -0.0235313 0)
(0.260085 -0.0222184 1.56176e-19)
(0.264203 -0.0208822 1.18428e-21)
(0.268069 -0.0195128 -3.14297e-19)
(0.271678 -0.0180984 1.57439e-19)
(0.27502 -0.0166248 0)
(0.278087 -0.015075 0)
(0.280867 -0.0134282 0)
(0.283349 -0.0116595 -3.25302e-19)
(0.285517 -0.0097388 3.25612e-19)
(0.287355 -0.00763039 -3.30488e-19)
(0.288843 -0.00529233 3.31323e-19)
(0.289964 -0.0026756 0)
(0.290678 0.00027572 -3.40467e-19)
(0.291011 0.00362784 3.40655e-19)
(0.290916 0.00745717 0)
(0.290366 0.0118529 0)
(0.289331 0.0169346 3.52385e-19)
(0.287797 0.0228809 -3.5426e-19)
(0.285349 0.0298466 0)
(0.283521 0.0379087 -7.33126e-19)
(0.284544 0.0472479 -2.96884e-18)
(0.289081 0.0579966 6.43101e-18)
(0.29705 0.0702031 -3.37744e-18)
(0.308639 0.0838119 -2.53556e-18)
(0.32405 0.0986911 -2.66059e-18)
(0.343185 0.114704 1.79845e-21)
(0.365684 0.131733 -2.08551e-18)
(0.391263 0.149709 2.43533e-19)
(0.419775 0.16861 0)
(0.451291 0.188346 4.89744e-18)
(0.486496 0.208509 1.99109e-19)
(0.526513 0.228192 -8.63448e-20)
(0.572414 0.245723 8.19324e-20)
(0.624868 0.258521 0)
(0.683039 0.263561 -1.34098e-20)
(0.743753 0.258231 1.51499e-18)
(0.80214 0.241297 -6.19905e-19)
(0.852886 0.213928 5.75126e-21)
(0.891371 0.179967 -6.14845e-20)
(0.915337 0.143813 0)
(0.925997 0.108279 1.20825e-21)
(0.926386 0.0764307 -1.2517e-21)
(0.937257 0.0532587 0)
(0.931844 0.0321508 0)
(0.921654 0.0128568 3.88098e-19)
(0.904139 -0.00518681 7.82753e-19)
(0.877534 -0.0217506 4.52282e-19)
(0.841375 -0.0357704 0)
(0.795688 -0.0462471 5.99417e-19)
(0.740996 -0.0523927 -2.46537e-20)
(0.679155 -0.0539203 1.76126e-18)
(0.612389 -0.0515079 0)
(0.542209 -0.0459664 -1.03206e-18)
(0.469587 -0.0380568 -1.65506e-19)
(0.396001 -0.0284718 0)
(0.323249 -0.0178001 2.10495e-19)
(0.254506 -0.00705417 -2.25991e-19)
(0.193683 0.00257078 -4.8528e-19)
(0.143719 0.00967606 5.02271e-19)
(0.105673 0.0130392 2.04637e-18)
(0.0791963 0.0124106 0)
(0.0626302 0.00842002 -5.32548e-19)
(0.0540905 0.00173209 5.27403e-19)
(0.0520891 -0.00707024 0)
(0.0584922 -0.0177581 0)
(0.0706234 -0.0287929 0)
(0.0831426 -0.0381826 0)
(0.0937921 -0.0455182 0)
(0.103467 -0.0511139 -4.91195e-19)
(0.112556 -0.0552606 4.7378e-19)
(0.121262 -0.0582169 4.91913e-19)
(0.129714 -0.0602158 -4.77395e-19)
(0.137987 -0.0614516 0)
(0.146116 -0.0620726 0)
(0.154122 -0.0621986 0)
(0.162012 -0.0619369 0)
(0.169778 -0.0613713 2.52502e-19)
(0.17741 -0.0605619 -5.0105e-19)
(0.184904 -0.0595571 2.48808e-19)
(0.192251 -0.0584006 2.55411e-19)
(0.199444 -0.0571246 -2.51143e-19)
(0.206476 -0.0557552 0)
(0.213343 -0.0543146 0)
(0.220042 -0.0528202 -1.29168e-19)
(0.226569 -0.0512867 1.27432e-19)
(0.232922 -0.0497263 0)
(0.239101 -0.0481489 0)
(0.245103 -0.0465629 -6.51333e-20)
(0.250928 -0.0449755 6.44296e-20)
(0.256574 -0.0433916 0)
(0.26204 -0.0418152 0)
(0.267323 -0.040249 -5.00591e-25)
(0.272423 -0.0386945 1.64344e-20)
(0.277336 -0.0371516 -1.63012e-20)
(0.282062 -0.035619 6.59916e-20)
(0.286596 -0.0340943 -1.31651e-19)
(0.290938 -0.0325742 -6.68602e-20)
(0.295084 -0.0310542 1.3172e-19)
(0.299031 -0.0295292 0)
(0.302775 -0.0279926 0)
(0.306314 -0.0264368 0)
(0.309641 -0.0248528 0)
(0.312751 -0.0232297 -2.69487e-19)
(0.315638 -0.0215546 2.68491e-19)
(0.318296 -0.0198125 0)
(0.320714 -0.0179849 0)
(0.322886 -0.0160501 2.73717e-19)
(0.3248 -0.013982 -2.73189e-19)
(0.326445 -0.0117493 0)
(0.327811 -0.00931546 0)
(0.328885 -0.00663767 0)
(0.329657 -0.00366724 5.62841e-19)
(0.330108 -0.000353883 -5.63505e-19)
(0.330247 0.00336499 0)
(0.330067 0.00756984 -5.70589e-19)
(0.329555 0.0123578 5.69297e-19)
(0.328705 0.017853 0)
(0.327525 0.0242216 -5.7756e-19)
(0.325662 0.0316056 1.46388e-20)
(0.324668 0.0400744 1.17431e-18)
(0.326788 0.0497303 1.07888e-20)
(0.33254 0.060611 -1.71753e-18)
(0.341828 0.0727164 1.64473e-18)
(0.354739 0.0859595 2.07619e-18)
(0.37139 0.100207 3.88462e-18)
(0.391642 0.115342 -4.54137e-19)
(0.415147 0.131265 5.96264e-21)
(0.441658 0.147888 6.07613e-19)
(0.471072 0.165099 -1.92305e-19)
(0.503468 0.18264 -1.449e-18)
(0.539382 0.199892 -1.60687e-19)
(0.579566 0.215766 1.54467e-19)
(0.624481 0.228601 0)
(0.673994 0.23623 0)
(0.726668 0.236566 -2.35694e-20)
(0.779468 0.228333 -1.36983e-18)
(0.828632 0.211611 5.79669e-19)
(0.870749 0.188132 -5.28218e-19)
(0.903219 0.160902 4.36511e-19)
(0.924779 0.132462 0)
(0.936134 0.103934 2.82105e-21)
(0.93911 0.0770261 -2.87022e-21)
(0.95384 0.0553391 0)
(0.950826 0.0368533 0)
(0.94351 0.0198823 -1.92473e-19)
(0.930138 0.00409106 4.76479e-20)
(0.91 -0.0104077 -3.66263e-19)
(0.883418 -0.0231332 4.45911e-19)
(0.850639 -0.0336219 -1.00861e-18)
(0.811837 -0.0414345 -5.64646e-19)
(0.767909 -0.0462526 0)
(0.720139 -0.0482472 0)
(0.669338 -0.0478428 8.48597e-19)
(0.615963 -0.0454722 0)
(0.560447 -0.0415084 1.05052e-18)
(0.503138 -0.0362845 0)
(0.445102 -0.0302892 -3.11304e-19)
(0.388285 -0.0242395 -4.0331e-21)
(0.335035 -0.0190305 3.57483e-19)
(0.287824 -0.0156152 3.85271e-19)
(0.248949 -0.0147094 3.99775e-21)
(0.219664 -0.0166 -4.19017e-19)
(0.200228 -0.0213328 0)
(0.19011 -0.0286899 -1.34513e-18)
(0.191487 -0.037502 4.22067e-19)
(0.201186 -0.0460268 1.313e-20)
(0.21135 -0.0530213 0)
(0.219902 -0.0584821 0)
(0.227371 -0.0627155 -4.15741e-19)
(0.23413 -0.0659086 4.03581e-19)
(0.240389 -0.0682029 0)
(0.246295 -0.0697344 0)
(0.251953 -0.0706274 0)
(0.25743 -0.0709881 -4.29228e-19)
(0.262773 -0.0709072 4.20138e-19)
(0.26801 -0.0704654 0)
(0.273154 -0.0697305 0)
(0.278212 -0.0687573 2.19758e-19)
(0.283185 -0.0675912 -2.15914e-19)
(0.288074 -0.0662713 0)
(0.292877 -0.0648293 0)
(0.297591 -0.0632911 2.23196e-19)
(0.302212 -0.0616788 3.89503e-21)
(0.306739 -0.0600102 -4.4506e-19)
(0.311168 -0.0583001 1.08935e-19)
(0.315495 -0.056561 2.23629e-19)
(0.31972 -0.054803 -2.24087e-19)
(0.323837 -0.0530343 2.24503e-19)
(0.327845 -0.0512616 -1.11728e-19)
(0.331741 -0.0494899 5.66423e-20)
(0.335521 -0.0477228 -8.44155e-20)
(0.339181 -0.0459628 2.80757e-20)
(0.342718 -0.0442108 2.8413e-20)
(0.346128 -0.0424667 -2.81605e-20)
(0.349408 -0.040729 0)
(0.352553 -0.0389953 1.14014e-19)
(0.355558 -0.037262 1.00395e-21)
(0.35842 -0.0355243 -2.27601e-19)
(0.361135 -0.0337767 1.135e-19)
(0.363696 -0.0320122 0)
(0.366099 -0.0302226 -2.29555e-19)
(0.368338 -0.0283982 2.28229e-19)
(0.370408 -0.0265277 0)
(0.372302 -0.0245975 0)
(0.374012 -0.0225918 -2.3133e-19)
(0.375533 -0.0204917 2.30314e-19)
(0.376856 -0.0182751 0)
(0.377974 -0.0159158 -4.66204e-19)
(0.37888 -0.0133827 4.64646e-19)
(0.379567 -0.0106398 -4.69057e-19)
(0.38003 -0.0076459 9.38466e-19)
(0.380263 -0.00435554 -4.69589e-19)
(0.380262 -0.000723474 0)
(0.380053 0.00330465 4.74227e-19)
(0.37963 0.00780751 -4.71377e-19)
(0.379 0.0128873 0)
(0.37818 0.0186654 0)
(0.377194 0.025289 0)
(0.375731 0.0328789 -1.47665e-20)
(0.375383 0.0414926 -9.47555e-19)
(0.378428 0.0511715 1.89051e-18)
(0.385278 0.0618859 4.57584e-19)
(0.395778 0.0735883 0)
(0.409907 0.0861737 -4.1898e-19)
(0.427688 0.0995042 7.645e-19)
(0.448918 0.113458 -3.80229e-19)
(0.473228 0.127918 -1.41593e-18)
(0.500362 0.142741 1.00376e-18)
(0.530191 0.157714 3.25358e-19)
(0.56271 0.172449 0)
(0.598228 0.186227 0)
(0.637092 0.197978 0)
(0.67926 0.206301 0)
(0.724117 0.209644 0)
(0.770112 0.206837 2.13654e-20)
(0.814777 0.197568 -2.11353e-20)
(0.855538 0.18254 0)
(0.890419 0.163371 4.95447e-19)
(0.917957 0.142112 -5.07768e-19)
(0.93724 0.120129 0)
(0.948648 0.0977247 0)
(0.953389 0.0757108 0)
(0.972004 0.0555999 6.43556e-21)
(0.97117 0.0399522 -6.41327e-21)
(0.966518 0.0253664 0)
(0.956704 0.0116799 -3.53276e-19)
(0.941522 -0.000988825 5.79762e-21)
(0.921744 -0.012349 -3.75952e-19)
(0.897948 -0.0221643 4.05454e-19)
(0.870377 -0.0302284 4.53049e-19)
(0.839535 -0.0363538 0)
(0.806129 -0.0405639 0)
(0.770574 -0.04308 0)
(0.73308 -0.0441668 -1.76124e-19)
(0.693787 -0.0440641 -3.72752e-19)
(0.652692 -0.0429606 -1.99576e-19)
(0.610193 -0.0410429 -1.29782e-18)
(0.567272 -0.0386163 -4.67376e-19)
(0.525262 -0.0361599 -9.84048e-19)
(0.485818 -0.0343121 0)
(0.450826 -0.0337497 0)
(0.421703 -0.0350028 5.94195e-19)
(0.399428 -0.0384289 1.04623e-20)
(0.384658 -0.0441138 6.56782e-19)
(0.3781 -0.0509791 -6.46631e-19)
(0.380499 -0.0575497 6.40766e-19)
(0.384206 -0.0629607 1.73523e-20)
(0.387161 -0.0671949 -6.35178e-19)
(0.389555 -0.0704814 0)
(0.391663 -0.0729659 0)
(0.393599 -0.0747422 0)
(0.395422 -0.0758982 0)
(0.397177 -0.0765194 0)
(0.398903 -0.0766833 0)
(0.400625 -0.0764589 0)
(0.402357 -0.0759079 -3.57868e-19)
(0.404109 -0.0750843 3.52622e-19)
(0.405882 -0.0740347 0)
(0.407677 -0.072799 0)
(0.409492 -0.0714115 0)
(0.411322 -0.0699013 0)
(0.413164 -0.0682928 -1.87089e-19)
(0.415011 -0.0666066 1.84809e-19)
(0.416858 -0.06486 0)
(0.4187 -0.0630673 0)
(0.420531 -0.0612406 0)
(0.422345 -0.0593897 0)
(0.424137 -0.0575225 9.56542e-20)
(0.425901 -0.0556452 -9.46892e-20)
(0.427632 -0.0537626 0)
(0.429323 -0.0518781 0)
(0.430969 -0.0499938 -7.35576e-25)
(0.432565 -0.0481103 7.29107e-25)
(0.434103 -0.0462274 0)
(0.435579 -0.0443435 0)
(0.436986 -0.0424559 0)
(0.438318 -0.0405611 0)
(0.43957 -0.038654 -1.94291e-19)
(0.440735 -0.036729 1.9293e-19)
(0.441807 -0.0347787 0)
(0.442779 -0.0327948 1.94942e-19)
(0.443646 -0.0307674 -1.93734e-19)
(0.444401 -0.028685 0)
(0.445037 -0.0265339 0)
(0.445549 -0.0242984 0)
(0.445929 -0.0219601 0)
(0.446174 -0.0194975 0)
(0.446277 -0.0168854 0)
(0.446234 -0.0140945 0)
(0.446045 -0.0110914 0)
(0.445709 -0.00783851 0)
(0.445226 -0.00429807 0)
(0.44461 -0.000440508 0)
(0.443903 0.00378482 0)
(0.443086 0.00846114 0)
(0.442187 0.0136845 0)
(0.441238 0.0195626 0)
(0.44028 0.0262166 0)
(0.439034 0.0337383 0)
(0.439128 0.0421726 -3.85096e-19)
(0.442862 0.0515131 -7.73429e-19)
(0.450534 0.0616906 7.43254e-19)
(0.461924 0.0726249 0)
(0.476895 0.0841937 0)
(0.495359 0.0962468 -1.97922e-18)
(0.517027 0.108641 -2.49555e-18)
(0.541481 0.121222 1.23114e-18)
(0.568411 0.133791 -5.85363e-19)
(0.597613 0.146066 0)
(0.628959 0.157614 2.50847e-19)
(0.662525 0.167759 6.97936e-19)
(0.698343 0.175619 -8.74843e-19)
(0.736081 0.180195 0)
(0.77499 0.180559 7.73205e-19)
(0.813754 0.176228 -4.34104e-20)
(0.85062 0.167402 -8.96107e-21)
(0.883994 0.154886 9.08723e-21)
(0.912795 0.139891 -5.35906e-19)
(0.936101 0.123693 4.80212e-19)
(0.953097 0.107007 0)
(0.964001 0.0898146 6.0218e-20)
(0.969754 0.0723858 0)
(0.992316 0.0538067 -6.71222e-21)
(0.993238 0.0410438 1.96925e-20)
(0.990893 0.0289161 -1.25871e-20)
(0.984164 0.0173628 -3.90695e-19)
(0.973031 0.00648491 0)
(0.958384 -0.00350266 3.68891e-19)
(0.940962 -0.0124218 0)
(0.921168 -0.0201404 4.9045e-20)
(0.899423 -0.0265539 -5.32665e-19)
(0.876176 -0.0316609 5.58675e-20)
(0.851649 -0.0355849 0)
(0.825936 -0.0384988 0)
(0.799077 -0.0405815 -8.45775e-19)
(0.770999 -0.0419846 8.87956e-19)
(0.741858 -0.042815 6.16738e-19)
(0.712182 -0.0431998 6.48678e-19)
(0.682749 -0.043339 3.3615e-19)
(0.654625 -0.0435246 3.59945e-19)
(0.629124 -0.0441217 7.74057e-19)
(0.607286 -0.0454828 4.09844e-19)
(0.589878 -0.0478585 -4.41601e-19)
(0.577645 -0.0513209 4.46266e-19)
(0.570697 -0.0555193 0)
(0.569492 -0.0598198 -7.33838e-21)
(0.56928 -0.0637659 0)
(0.568392 -0.0671338 0)
(0.566938 -0.0699107 0)
(0.56523 -0.0721212 0)
(0.563417 -0.0737901 0)
(0.561567 -0.0749529 -5.19106e-19)
(0.559732 -0.0756554 5.14685e-19)
(0.557952 -0.0759477 5.38135e-19)
(0.556256 -0.0758793 -5.33666e-19)
(0.554661 -0.0754976 0)
(0.553177 -0.0748464 0)
(0.551806 -0.0739655 0)
(0.550548 -0.0728904 -2.89531e-19)
(0.5494 -0.0716524 2.87211e-19)
(0.548355 -0.0702788 2.96044e-19)
(0.547408 -0.0687931 -2.9371e-19)
(0.546551 -0.0672157 -3.01621e-19)
(0.545775 -0.0655638 2.9929e-19)
(0.545072 -0.0638518 0)
(0.544435 -0.0620923 0)
(0.543856 -0.060295 -1.55156e-19)
(0.543326 -0.0584684 1.54018e-19)
(0.542838 -0.0566188 -7.84069e-20)
(0.542384 -0.0547512 -9.18532e-22)
(0.541957 -0.0528691 7.82184e-20)
(0.54155 -0.0509747 0)
(0.541154 -0.0490688 3.9838e-20)
(0.540764 -0.0471512 4.03538e-20)
(0.540372 -0.0452204 -7.94135e-20)
(0.539971 -0.043274 0)
(0.539554 -0.0413083 -1.61148e-19)
(0.539115 -0.0393186 1.60176e-19)
(0.538646 -0.0372992 -1.61856e-19)
(0.538143 -0.035243 1.60925e-19)
(0.537597 -0.0331419 -3.24943e-19)
(0.537004 -0.0309863 3.23164e-19)
(0.536356 -0.028765 -3.26023e-19)
(0.53565 -0.0264653 3.24323e-19)
(0.534878 -0.0240724 0)
(0.534038 -0.0215695 -3.27378e-19)
(0.533127 -0.0189371 3.25782e-19)
(0.532142 -0.0161528 0)
(0.531085 -0.0131913 0)
(0.529959 -0.0100241 -6.57073e-19)
(0.528768 -0.00662225 -3.2504e-21)
(0.527518 -0.00296457 6.5424e-19)
(0.526279 0.000973898 0)
(0.524997 0.00524687 0)
(0.523716 0.00993072 0)
(0.522464 0.015103 0)
(0.521286 0.0208479 -6.42312e-19)
(0.520234 0.0272536 6.35812e-19)
(0.519057 0.0343756 0)
(0.519381 0.0422483 0)
(0.523438 0.0508389 0)
(0.531419 0.0600668 6.03956e-19)
(0.543044 0.0698326 -2.32763e-18)
(0.558062 0.0799997 -5.47263e-19)
(0.576267 0.0904034 2.17379e-18)
(0.597286 0.100878 1.57823e-18)
(0.620649 0.111239 -1.16278e-20)
(0.645989 0.121261 -4.86424e-19)
(0.673029 0.130656 0)
(0.701545 0.13904 0)
(0.731456 0.145878 -3.22542e-20)
(0.762629 0.150564 7.89278e-19)
(0.794665 0.152495 8.67574e-20)
(0.826924 0.15122 -7.56929e-19)
(0.858471 0.146652 -5.77091e-19)
(0.888181 0.139137 5.3955e-19)
(0.91512 0.129322 -5.49546e-19)
(0.938682 0.117996 1.03794e-18)
(0.958175 0.105911 -1.55036e-20)
(0.972827 0.0934526 3.18506e-20)
(0.982777 0.0805258 -1.33947e-19)
(0.988869 0.0671318 3.6718e-21)
(1.01536 0.0500031 -1.3689e-20)
(1.01749 0.0399596 1.35167e-20)
(1.01696 0.0302448 -2.10627e-19)
(1.01281 0.0208498 3.54874e-19)
(1.00508 0.0118241 0)
(0.994559 0.0033035 -3.23818e-19)
(0.98196 -0.00456503 4.21635e-20)
(0.967735 -0.0116568 -4.26362e-20)
(0.952297 -0.0178796 3.44435e-19)
(0.936003 -0.0232094 9.34893e-20)
(0.919018 -0.0277047 9.99652e-20)
(0.90141 -0.031471 7.83211e-21)
(0.883199 -0.0346347 6.33839e-19)
(0.864326 -0.0373188 -6.6505e-19)
(0.844858 -0.0396142 -4.73838e-19)
(0.825071 -0.0416016 7.2609e-19)
(0.805392 -0.0433753 7.32612e-21)
(0.786441 -0.0450536 5.40883e-19)
(0.769017 -0.0467828 -5.30606e-19)
(0.753783 -0.0487086 -5.68312e-19)
(0.741267 -0.0509093 1.21627e-18)
(0.732014 -0.0533512 -6.27391e-19)
(0.726319 -0.0559032 6.67258e-19)
(0.724087 -0.0584148 -6.50127e-19)
(0.722586 -0.0608695 0)
(0.720604 -0.0631049 6.96868e-19)
(0.718133 -0.065041 1.73888e-20)
(0.715382 -0.0666526 -7.09838e-19)
(0.712465 -0.0679314 -3.72211e-19)
(0.709442 -0.0688786 3.71183e-19)
(0.70636 -0.0695053 3.88939e-19)
(0.703264 -0.0698296 -3.87897e-19)
(0.700189 -0.0698738 4.05463e-19)
(0.697164 -0.0696623 -4.04363e-19)
(0.694207 -0.0692202 0)
(0.691333 -0.0685724 0)
(0.688549 -0.0677428 -4.36029e-19)
(0.685862 -0.0667539 4.34746e-19)
(0.683273 -0.0656265 4.49595e-19)
(0.680782 -0.0643794 -6.76165e-19)
(0.678387 -0.0630296 2.27238e-19)
(0.676083 -0.0615921 0)
(0.673868 -0.0600801 0)
(0.671734 -0.0585049 -2.39026e-19)
(0.669678 -0.0568761 1.17512e-19)
(0.667692 -0.0552019 -1.53984e-21)
(0.665771 -0.0534887 1.21423e-19)
(0.663907 -0.0517416 6.19523e-20)
(0.662096 -0.0499643 -3.05247e-20)
(0.66033 -0.0481593 -3.11013e-20)
(0.658603 -0.0463278 0)
(0.65691 -0.0444699 6.36668e-20)
(0.655243 -0.0425845 -1.91504e-19)
(0.653598 -0.0406696 1.27607e-19)
(0.651969 -0.0387219 0)
(0.650349 -0.0367371 0)
(0.648734 -0.03471 0)
(0.647119 -0.0326343 0)
(0.645499 -0.0305023 0)
(0.64387 -0.0283055 0)
(0.642228 -0.026034 0)
(0.640571 -0.0236765 0)
(0.638895 -0.0212206 5.32567e-19)
(0.6372 -0.0186521 -5.30659e-19)
(0.635487 -0.0159554 0)
(0.633758 -0.0131133 0)
(0.632017 -0.0101069 -5.36372e-19)
(0.630274 -0.00691726 -2.46222e-21)
(0.62853 -0.0035315 5.3473e-19)
(0.626842 6.58032e-05 0)
(0.625193 0.00391243 -5.35198e-19)
(0.623573 0.00806045 5.3133e-19)
(0.622028 0.012558 0)
(0.620589 0.0174537 0)
(0.619305 0.0227996 -1.0459e-18)
(0.618233 0.0286439 2.07209e-18)
(0.617156 0.0350007 -1.01817e-18)
(0.617595 0.0418949 0)
(0.621497 0.0492989 -2.49066e-19)
(0.629002 0.0571562 0)
(0.639805 0.0653688 9.69115e-19)
(0.653585 0.0737943 9.39998e-19)
(0.670063 0.0822607 -9.09867e-19)
(0.688834 0.0905903 8.47895e-19)
(0.709426 0.0985934 -4.10633e-19)
(0.731463 0.106059 4.07119e-19)
(0.754648 0.112746 0)
(0.778729 0.11837 -7.30273e-19)
(0.803566 0.122579 -1.76702e-18)
(0.828992 0.125019 -4.84535e-19)
(0.854678 0.125387 1.63181e-19)
(0.880181 0.123515 -7.26776e-20)
(0.904917 0.119471 7.06622e-19)
(0.928208 0.113558 -6.03196e-19)
(0.949504 0.106208 -1.86948e-20)
(0.968423 0.0978888 -4.95535e-19)
(0.984389 0.0890325 -2.60435e-19)
(0.99669 0.0798624 2.6145e-19)
(1.00541 0.0702974 5.74558e-20)
(1.01132 0.0602474 -1.51613e-21)
(1.04147 0.0443882 0)
(1.04426 0.0367266 -2.74701e-20)
(1.04498 0.0292204 3.19552e-19)
(1.04285 0.0218898 -2.34946e-20)
(1.03791 0.0147359 -1.07816e-20)
(1.0308 0.00780791 1.04073e-20)
(1.02208 0.00119624 0)
(1.01214 -0.00499619 7.92071e-20)
(1.00134 -0.0106781 2.48446e-19)
(0.989959 -0.0157985 -1.61259e-19)
(0.978156 -0.0203615 1.62622e-19)
(0.966002 -0.0244115 -6.69683e-19)
(0.953537 -0.0280189 5.68583e-21)
(0.94074 -0.031262 3.53614e-19)
(0.927658 -0.0342054 7.11524e-19)
(0.914449 -0.036903 -3.72666e-19)
(0.90134 -0.0394035 7.63253e-19)
(0.888664 -0.0417495 -7.83144e-19)
(0.876863 -0.0439811 -3.95149e-19)
(0.866306 -0.0461325 -6.34815e-19)
(0.857308 -0.0482034 2.2009e-19)
(0.850204 -0.0501544 0)
(0.84527 -0.0519559 0)
(0.842353 -0.0536258 -4.88491e-19)
(0.839995 -0.0552682 4.90179e-19)
(0.837403 -0.0568016 0)
(0.834535 -0.0581606 -5.23013e-19)
(0.831499 -0.0593157 1.05823e-18)
(0.828359 -0.0602528 -5.35255e-19)
(0.825145 -0.0609647 0)
(0.821885 -0.0614507 5.72558e-19)
(0.818608 -0.0617159 1.24178e-20)
(0.815338 -0.0617697 -5.85459e-19)
(0.812095 -0.0616243 6.10323e-19)
(0.808897 -0.0612935 -6.10531e-19)
(0.805755 -0.0607919 -3.17374e-19)
(0.802681 -0.0601347 3.17447e-19)
(0.799681 -0.0593364 0)
(0.79676 -0.0584113 0)
(0.793921 -0.0573728 0)
(0.791165 -0.0562332 0)
(0.788491 -0.0550037 0)
(0.785899 -0.0536946 -1.7774e-19)
(0.783387 -0.0523147 1.77692e-19)
(0.78095 -0.050872 1.82402e-19)
(0.778586 -0.049373 -1.82327e-19)
(0.77629 -0.0478233 0)
(0.774059 -0.0462273 -9.43685e-20)
(0.771888 -0.0445883 9.43104e-20)
(0.769773 -0.0429086 0)
(0.767709 -0.0411894 0)
(0.765692 -0.039431 0)
(0.763718 -0.0376328 0)
(0.761781 -0.035793 1.9918e-19)
(0.75988 -0.0339092 1.66735e-21)
(0.758009 -0.0319778 1.60748e-21)
(0.756166 -0.0299944 -2.01828e-19)
(0.754348 -0.0279537 0)
(0.752552 -0.0258496 0)
(0.750776 -0.023675 0)
(0.74902 -0.0214219 0)
(0.747283 -0.0190816 0)
(0.745565 -0.0166444 0)
(0.743868 -0.0141 0)
(0.742196 -0.0114375 0)
(0.740552 -0.00864542 0)
(0.738943 -0.00571252 0)
(0.737369 -0.00263014 0)
(0.735871 0.000612864 0)
(0.734428 0.00404031 0)
(0.733034 0.00768827 0)
(0.731725 0.0115871 0)
(0.730523 0.0157588 -8.43298e-19)
(0.729455 0.020226 8.38303e-19)
(0.728563 0.0250111 -8.33011e-19)
(0.727889 0.030129 8.27201e-19)
(0.727246 0.0355651 -6.48452e-21)
(0.727906 0.0413338 -7.16557e-19)
(0.731227 0.0473982 1.61769e-18)
(0.737418 0.0537111 -4.02927e-19)
(0.746244 0.060185 1.1428e-18)
(0.757415 0.0666941 3.57416e-19)
(0.770677 0.0730886 -1.45435e-18)
(0.785689 0.0792144 6.87292e-19)
(0.80206 0.0849145 0)
(0.819467 0.0900286 6.57126e-19)
(0.837649 0.0943916 6.38846e-19)
(0.856383 0.097827 9.52204e-19)
(0.875531 0.100139 1.52621e-18)
(0.894954 0.10115 5.91097e-19)
(0.91443 0.100734 1.37001e-19)
(0.93369 0.0988487 -1.37748e-19)
(0.952395 0.0955837 -6.33277e-20)
(0.970142 0.0911406 4.89946e-20)
(0.986587 0.0857733 1.38767e-20)
(1.00146 0.0797416 -5.12368e-19)
(1.01427 0.0732864 -1.29857e-20)
(1.0244 0.0665477 -2.35832e-19)
(1.03186 0.0595039 -1.45162e-20)
(1.03729 0.0520729 1.08611e-20)
(1.06808 0.0380848 1.50476e-20)
(1.071 0.0323015 4.37549e-20)
(1.07233 0.0265932 -1.07678e-19)
(1.07147 0.0209834 2.5806e-20)
(1.06848 0.0154517 -3.66908e-20)
(1.06385 0.0099989 1.16402e-20)
(1.05799 0.00466651 -3.21509e-19)
(1.05116 -0.000479525 3.11923e-19)
(1.04365 -0.00536655 -6.77419e-19)
(1.03566 -0.00993762 0)
(1.02731 -0.0141676 0)
(1.01868 -0.0180606 3.2807e-19)
(1.00982 -0.0216433 -3.24837e-19)
(1.00075 -0.0249537 4.81532e-22)
(0.991503 -0.0280256 -1.03757e-18)
(0.982205 -0.0308864 6.97488e-19)
(0.972996 -0.0335563 -3.52894e-19)
(0.96407 -0.0360444 3.57128e-19)
(0.955681 -0.0383499 0)
(0.948042 -0.0404666 1.98997e-19)
(0.941336 -0.0423714 8.33609e-21)
(0.935768 -0.0440312 -7.19173e-19)
(0.931556 -0.0454512 -6.38245e-20)
(0.928541 -0.0467139 4.25116e-19)
(0.925913 -0.0479308 4.45406e-19)
(0.923171 -0.0490674 8.97995e-21)
(0.920279 -0.0500841 -9.21089e-19)
(0.91729 -0.0509607 4.66019e-19)
(0.914238 -0.0516859 4.86167e-19)
(0.911139 -0.0522526 -4.87042e-19)
(0.908009 -0.0526572 0)
(0.904865 -0.0528996 -5.18602e-19)
(0.901723 -0.0529828 -9.95333e-21)
(0.898598 -0.052912 5.30465e-19)
(0.895503 -0.0526941 0)
(0.892449 -0.052337 2.80944e-19)
(0.889445 -0.0518492 -2.81432e-19)
(0.886499 -0.0512397 2.91441e-19)
(0.883616 -0.0505175 -2.91923e-19)
(0.8808 -0.0496914 0)
(0.878055 -0.0487698 3.06499e-19)
(0.875383 -0.0477606 -3.06959e-19)
(0.872786 -0.0466712 0)
(0.870263 -0.0455084 0)
(0.867814 -0.044278 0)
(0.865439 -0.0429853 0)
(0.863136 -0.0416347 0)
(0.860903 -0.0402298 0)
(0.85874 -0.0387735 4.26852e-20)
(0.856644 -0.0372677 -4.27282e-20)
(0.854613 -0.0357138 0)
(0.852646 -0.0341123 0)
(0.850739 -0.0324626 0)
(0.848892 -0.030764 0)
(0.847104 -0.0290145 0)
(0.845372 -0.0272115 1.82652e-19)
(0.843695 -0.0253519 -1.82748e-19)
(0.842074 -0.0234315 0)
(0.840508 -0.0214459 0)
(0.838997 -0.0193896 0)
(0.837542 -0.0172568 0)
(0.836145 -0.015041 0)
(0.834808 -0.0127351 3.82313e-19)
(0.833533 -0.0103319 -3.82271e-19)
(0.832326 -0.00782359 3.85708e-19)
(0.83119 -0.00520255 -3.85572e-19)
(0.830128 -0.00246121 0)
(0.829158 0.000408754 0)
(0.828272 0.00342362 0)
(0.827472 0.006607 0)
(0.82678 0.00997559 0)
(0.826211 0.0135394 0)
(0.825783 0.0173081 0)
(0.82552 0.0212911 0)
(0.825452 0.0254965 0)
(0.825606 0.0299263 -7.58864e-19)
(0.825834 0.0345614 7.58143e-19)
(0.827089 0.0394061 -9.56567e-20)
(0.830148 0.0444016 -5.52443e-19)
(0.835235 0.0494689 -3.64974e-19)
(0.842204 0.0545096 1.06672e-18)
(0.850845 0.0594155 -7.17202e-19)
(0.860975 0.0640744 0)
(0.872356 0.0683806 -1.94416e-20)
(0.88471 0.0722342 -6.64481e-19)
(0.897802 0.0755407 -1.28819e-18)
(0.911436 0.0782094 6.20528e-19)
(0.925442 0.0801484 -1.55368e-18)
(0.939711 0.0812608 -6.04592e-19)
(0.954145 0.0814656 -5.8709e-19)
(0.968605 0.0807132 2.91173e-19)
(0.982933 0.0790023 0)
(0.996933 0.0763984 -6.66757e-20)
(1.01035 0.0730219 -4.54343e-19)
(1.02296 0.0690172 5.02598e-19)
(1.03455 0.0645316 4.83484e-19)
(1.04473 0.059708 5.61061e-19)
(1.053 0.0546483 0)
(1.0593 0.0493746 1.59871e-20)
(1.06412 0.0438371 -1.39511e-20)
(1.08987 0.0324997 2.13194e-20)
(1.09282 0.0280859 -5.47788e-20)
(1.09452 0.0237135 0)
(1.09456 0.0193809 -2.35113e-19)
(1.09297 0.0150581 -2.97344e-19)
(1.09012 0.0107379 2.52769e-19)
(1.08628 0.00644394 4.36238e-19)
(1.08165 0.00221948 -4.21919e-19)
(1.07643 -0.00188189 6.26569e-19)
(1.07077 -0.00581134 -1.03484e-19)
(1.06476 -0.00953844 -1.02483e-19)
(1.05845 -0.013052 -2.06387e-19)
(1.05191 -0.0163573 9.52314e-21)
(1.04515 -0.0194699 1.90236e-19)
(1.03823 -0.0224036 5.95732e-19)
(1.03124 -0.025168 0)
(1.02429 -0.0277674 0)
(1.01751 -0.0301955 2.05251e-19)
(1.01107 -0.0324375 -4.14818e-19)
(1.00513 -0.0344751 0)
(0.99979 -0.0362807 0)
(0.995201 -0.0378234 -1.12094e-19)
(0.991531 -0.0391042 5.78244e-20)
(0.988647 -0.0402057 0)
(0.986024 -0.0412294 0)
(0.983332 -0.0421661 -4.98217e-19)
(0.980542 -0.0429957 1.00818e-18)
(0.977684 -0.0437082 -5.10013e-19)
(0.974778 -0.044298 -2.65323e-19)
(0.971832 -0.0447613 2.65967e-19)
(0.968858 -0.0450962 0)
(0.965865 -0.0453026 0)
(0.962867 -0.0453821 0)
(0.959873 -0.0453378 0)
(0.956896 -0.0451739 0)
(0.953943 -0.0448955 0)
(0.951024 -0.044508 -3.10572e-19)
(0.948146 -0.0440174 3.11346e-19)
(0.945314 -0.0434299 3.21664e-19)
(0.942535 -0.0427515 -4.86004e-19)
(0.939813 -0.0419883 1.63948e-19)
(0.937152 -0.0411459 1.68871e-19)
(0.934555 -0.0402298 -1.69266e-19)
(0.932024 -0.0392449 0)
(0.929562 -0.0381958 8.82396e-20)
(0.927169 -0.0370863 -8.84336e-20)
(0.924846 -0.03592 0)
(0.922596 -0.0346996 4.58957e-20)
(0.920417 -0.0334276 -2.27604e-20)
(0.91831 -0.0321055 -2.32744e-20)
(0.916276 -0.0307344 -2.3766e-20)
(0.914315 -0.0293148 -2.42348e-20)
(0.912427 -0.0278465 4.81298e-20)
(0.910613 -0.0263288 0)
(0.908873 -0.0247605 0)
(0.907207 -0.0231396 0)
(0.905617 -0.0214638 2.01362e-19)
(0.904104 -0.0197299 -2.01641e-19)
(0.90267 -0.0179345 0)
(0.901317 -0.0160736 0)
(0.900048 -0.0141426 0)
(0.898865 -0.0121367 0)
(0.897772 -0.0100504 4.19409e-19)
(0.896774 -0.00787799 -4.19732e-19)
(0.895875 -0.00561355 0)
(0.895081 -0.00325084 0)
(0.894397 -0.000783608 -4.26477e-19)
(0.893836 0.00179875 4.26161e-19)
(0.89339 0.0045097 0)
(0.893081 0.00735865 -4.27195e-19)
(0.892921 0.0103508 4.26341e-19)
(0.892924 0.0134909 0)
(0.893109 0.0167833 0)
(0.893496 0.0202313 0)
(0.89411 0.0238358 -8.3906e-19)
(0.894973 0.027593 3.27481e-21)
(0.895983 0.0314842 8.26443e-19)
(0.897804 0.0355053 0)
(0.900884 0.0396117 -2.02179e-19)
(0.905384 0.0437162 0)
(0.911214 0.0477175 3.91109e-19)
(0.918219 0.0515212 -7.78909e-19)
(0.926269 0.0550411 0)
(0.935198 0.0582038 -3.72884e-19)
(0.944816 0.0609467 -3.66925e-19)
(0.95496 0.063215 3.70249e-19)
(0.965491 0.06496 0)
(0.976288 0.0661337 0)
(0.98727 0.0666856 1.05453e-18)
(0.998368 0.0665753 -1.74743e-19)
(1.00949 0.0657809 -1.7218e-19)
(1.02053 0.0643081 -4.16152e-19)
(1.03136 0.0622013 1.64176e-19)
(1.04182 0.0595366 5.42007e-19)
(1.05175 0.0564065 4.04113e-20)
(1.06099 0.0529097 -2.0549e-20)
(1.06926 0.0491496 -3.61977e-19)
(1.07619 0.0452131 4.19028e-20)
(1.08171 0.041136 0)
(1.08611 0.0368913 -2.48225e-21)
(1.10476 0.027741 8.8091e-21)
(1.10782 0.0243045 -1.15748e-20)
(1.10992 0.0208907 1.76625e-19)
(1.11078 0.0174719 1.56062e-19)
(1.1104 0.0140139 3.11336e-19)
(1.10901 0.0105135 -1.47562e-22)
(1.10679 0.00699105 0)
(1.10387 0.00347998 -6.69679e-20)
(1.1004 2.27913e-05 -2.56433e-19)
(1.0965 -0.00333974 6.38028e-20)
(1.09222 -0.00657939 2.5346e-19)
(1.08763 -0.00968139 4.91956e-19)
(1.08276 -0.0126429 -2.39618e-19)
(1.07766 -0.0154691 2.3723e-19)
(1.07235 -0.0181631 5.69084e-21)
(1.06693 -0.0207248 0)
(1.06148 -0.0231491 0)
(1.0561 -0.0254225 4.79391e-19)
(1.05091 -0.027524 3.96736e-21)
(1.04603 -0.0294316 -2.49772e-19)
(1.04155 -0.0311174 2.51246e-19)
(1.03757 -0.0325522 -6.553e-20)
(1.03421 -0.0337285 3.36417e-20)
(1.03139 -0.0347128 -2.73231e-19)
(1.02873 -0.0355997 2.73823e-19)
(1.02603 -0.0363935 0)
(1.02324 -0.0370864 2.90084e-19)
(1.0204 -0.0376753 -2.90876e-19)
(1.01751 -0.0381591 0)
(1.01459 -0.0385371 0)
(1.01164 -0.0388092 -3.14251e-19)
(1.00867 -0.0389758 3.15172e-19)
(1.0057 -0.0390385 3.26727e-19)
(1.00272 -0.0389995 -3.27704e-19)
(0.99976 -0.0388618 0)
(0.996813 -0.0386288 0)
(0.993892 -0.0383043 0)
(0.991004 -0.0378927 1.79037e-19)
(0.988155 -0.0373981 -3.61705e-19)
(0.98535 -0.0368251 1.82675e-19)
(0.982595 -0.036178 -1.8822e-19)
(0.979895 -0.035461 1.88775e-19)
(0.977252 -0.0346782 0)
(0.974671 -0.0338334 -9.85268e-20)
(0.972155 -0.03293 -1.14343e-21)
(0.969705 -0.0319713 2.01575e-19)
(0.967326 -0.0309598 -1.01624e-19)
(0.965018 -0.0298979 0)
(0.962783 -0.0287874 -2.63376e-20)
(0.960624 -0.0276297 2.64052e-20)
(0.958542 -0.0264257 -2.69633e-20)
(0.956538 -0.025176 8.15538e-20)
(0.954615 -0.0238804 -5.46535e-20)
(0.952773 -0.0225386 0)
(0.951015 -0.0211496 1.12404e-19)
(0.949343 -0.0197121 -1.12641e-19)
(0.94776 -0.0182241 1.14427e-19)
(0.946267 -0.0166836 1.1609e-19)
(0.944867 -0.0150878 -4.63681e-19)
(0.943565 -0.0134336 2.32922e-19)
(0.942363 -0.0117177 0)
(0.941267 -0.00993617 0)
(0.940279 -0.008085 2.38575e-19)
(0.939407 -0.0061597 -4.78654e-19)
(0.938655 -0.00415564 7.21773e-19)
(0.93803 -0.00206785 -9.65777e-19)
(0.937543 0.000109158 4.83919e-19)
(0.937193 0.00238326 4.85647e-19)
(0.936993 0.00476198 -4.85099e-19)
(0.936958 0.00724866 4.85396e-19)
(0.9371 0.00984557 -4.84594e-19)
(0.937432 0.0125546 0)
(0.937971 0.0153767 4.81458e-19)
(0.938735 0.0183113 -1.15545e-21)
(0.939742 0.0213558 -4.77674e-19)
(0.941013 0.0245029 0)
(0.94248 0.027734 3.64248e-21)
(0.944587 0.0310398 0)
(0.947612 0.0343935 2.34438e-19)
(0.951669 0.0377213 -4.55149e-19)
(0.956696 0.0409355 -6.74057e-19)
(0.96258 0.0439578 8.97353e-19)
(0.969226 0.0467201 0)
(0.976517 0.0491667 7.82573e-21)
(0.98432 0.0512524 4.32769e-19)
(0.992521 0.0529399 -8.56122e-19)
(1.00102 0.054198 0)
(1.00974 0.0549975 2.07298e-19)
(1.0186 0.0553083 -6.27541e-19)
(1.02756 0.0551074 6.14919e-19)
(1.03654 0.0543837 3.01512e-19)
(1.04547 0.0531437 2.9948e-19)
(1.05425 0.0514192 0)
(1.06277 0.0492637 0)
(1.07091 0.046744 0)
(1.07856 0.0439355 0)
(1.08554 0.0409196 2.48002e-20)
(1.09163 0.0377686 -2.31471e-19)
(1.09674 0.0345229 -5.06552e-20)
(1.10102 0.0311748 2.98406e-21)
(1.11326 0.0235703 1.84989e-21)
(1.11647 0.0208679 0)
(1.11893 0.0181731 -1.8739e-19)
(1.12049 0.0154381 3.54868e-19)
(1.12116 0.0126296 2.40447e-20)
(1.12102 0.00975132 -7.13238e-19)
(1.12016 0.00682443 3.82726e-19)
(1.11867 0.00387828 -3.79456e-19)
(1.11664 0.000949544 -3.27181e-19)
(1.11416 -0.00192652 7.88649e-20)
(1.11129 -0.00472529 -3.8231e-19)
(1.10807 -0.0074325 -2.99431e-19)
(1.10455 -0.0100429 3.00494e-19)
(1.10075 -0.0125572 1.47204e-19)
(1.09672 -0.0149736 -4.32167e-19)
(1.09252 -0.0172864 -2.90747e-19)
(1.08821 -0.0194852 -5.79176e-19)
(1.08389 -0.0215523 -3.28463e-21)
(1.07965 -0.0234639 1.47037e-19)
(1.07556 -0.0251965 4.24786e-21)
(1.07171 -0.0267236 -1.47181e-19)
(1.06816 -0.0280182 -8.93438e-22)
(1.06503 -0.0290689 2.79338e-19)
(1.06223 -0.0299335 -6.38427e-19)
(1.05953 -0.0307008 3.22725e-19)
(1.05677 -0.0313802 3.34483e-19)
(1.05394 -0.0319682 -3.3547e-19)
(1.05106 -0.0324644 0)
(1.04814 -0.0328697 0)
(1.04518 -0.0331847 0)
(1.0422 -0.03341 0)
(1.0392 -0.0335465 0)
(1.03619 -0.0335954 1.91438e-19)
(1.03318 -0.0335588 2.9623e-21)
(1.03018 -0.0334388 -1.95706e-19)
(1.02719 -0.0332379 0)
(1.02422 -0.0329593 -2.05908e-19)
(1.02129 -0.032606 2.06615e-19)
(1.01838 -0.0321814 0)
(1.01552 -0.0316888 0)
(1.0127 -0.0311317 0)
(1.00994 -0.0305134 0)
(1.00723 -0.0298372 -1.13589e-19)
(1.00458 -0.029106 2.29261e-19)
(1.00199 -0.0283227 -1.15673e-19)
(0.999462 -0.0274897 5.93118e-20)
(0.997007 -0.0266094 -5.95006e-20)
(0.994625 -0.0256835 0)
(0.992317 -0.0247138 0)
(0.990086 -0.0237012 0)
(0.987936 -0.0226467 1.57946e-20)
(0.985868 -0.0215507 -1.58396e-20)
(0.983885 -0.0204133 0)
(0.981989 -0.0192342 0)
(0.980184 -0.0180128 6.58945e-20)
(0.978472 -0.0167481 -6.60584e-20)
(0.976856 -0.0154389 0)
(0.97534 -0.0140833 -1.35325e-19)
(0.973927 -0.0126794 1.35617e-19)
(0.972622 -0.0112249 0)
(0.971428 -0.00971707 0)
(0.970352 -0.00815313 0)
(0.969397 -0.00652994 2.7992e-19)
(0.96857 -0.00484417 9.92605e-22)
(0.967878 -0.00309239 -2.8171e-19)
(0.967326 -0.00127088 0)
(0.966927 0.000625406 -2.84392e-19)
(0.966681 0.00260157 -4.36133e-22)
(0.966602 0.00466071 2.84333e-19)
(0.966704 0.00680411 -2.84316e-19)
(0.966998 0.00903237 8.51392e-19)
(0.967496 0.0113455 -5.66464e-19)
(0.968215 0.0137426 0)
(0.969169 0.0162215 0)
(0.970375 0.0187785 0)
(0.971851 0.0214063 0)
(0.973554 0.0240884 -4.32028e-21)
(0.97578 0.0268139 0)
(0.978692 0.0295643 1.35102e-19)
(0.982368 0.032279 5.33302e-19)
(0.986767 0.0348863 -5.28705e-19)
(0.991808 0.0373229 7.87672e-19)
(0.997422 0.0395345 0)
(1.00352 0.0414769 5.10679e-19)
(1.01002 0.0431146 -5.12126e-19)
(1.01684 0.0444196 1.01977e-18)
(1.02391 0.0453694 -7.57159e-19)
(1.03116 0.045944 7.59639e-19)
(1.03854 0.046124 0)
(1.04601 0.0458955 4.9925e-19)
(1.0535 0.0452529 -3.72694e-19)
(1.06095 0.044203 -1.24599e-19)
(1.06827 0.0427704 0)
(1.07539 0.0409951 5.05129e-19)
(1.08223 0.038929 -1.54761e-20)
(1.08871 0.0366328 4.63649e-19)
(1.09476 0.0341714 -1.88007e-19)
(1.10028 0.0316024 3.45104e-19)
(1.10517 0.0289707 4.61958e-20)
(1.10946 0.0262877 1.51841e-20)
(1.11554 0.0198924 2.76912e-23)
(1.11891 0.0177762 0)
(1.12171 0.0156561 3.3328e-20)
(1.12393 0.0134635 -2.82102e-19)
(1.12553 0.0111673 0)
(1.12651 0.00878146 4.4788e-19)
(1.12686 0.0063311 -4.0157e-19)
(1.12661 0.00384484 8.05468e-19)
(1.12584 0.00135683 4.99939e-19)
(1.12459 -0.00110129 -9.81617e-20)
(1.12292 -0.00350846 4.81196e-19)
(1.12088 -0.00585243 2.83718e-19)
(1.11849 -0.00812817 -3.64912e-19)
(1.11579 -0.0103355 0)
(1.11282 -0.0124709 -1.80248e-19)
(1.10964 -0.0145263 1.75036e-19)
(1.10629 -0.016489 5.26832e-19)
(1.10285 -0.0183394 0)
(1.09937 -0.0200524 3.54177e-19)
(1.09593 -0.0216043 0)
(1.09259 -0.0229698 -1.81163e-19)
(1.0894 -0.0241234 -1.57473e-21)
(1.08644 -0.0250505 1.88862e-19)
(1.08366 -0.0258009 -1.93799e-19)
(1.08091 -0.0264599 1.94311e-19)
(1.07811 -0.0270396 0)
(1.07523 -0.0275384 0)
(1.0723 -0.0279566 -2.08924e-19)
(1.06932 -0.0282962 4.22581e-19)
(1.06632 -0.0285582 -2.13687e-19)
(1.06328 -0.0287437 0)
(1.06023 -0.0288535 0)
(1.05717 -0.028889 -2.29634e-19)
(1.05411 -0.0288516 2.30484e-19)
(1.05105 -0.0287431 0)
(1.048 -0.0285656 -1.21258e-19)
(1.04497 -0.0283214 2.45132e-19)
(1.04197 -0.028013 -1.23883e-19)
(1.039 -0.0276431 1.27719e-19)
(1.03607 -0.0272143 -1.28203e-19)
(1.03319 -0.0267295 -1.31981e-19)
(1.03035 -0.0261913 1.32477e-19)
(1.02756 -0.0256024 0)
(1.02483 -0.0249653 0)
(1.02216 -0.0242822 7.01297e-20)
(1.01956 -0.0235554 -1.41511e-19)
(1.01702 -0.0227866 3.53257e-20)
(1.01456 -0.0219775 3.61804e-20)
(1.01217 -0.0211293 0)
(1.00987 -0.0202433 0)
(1.00764 -0.0193199 0)
(1.0055 -0.0183598 0)
(1.00345 -0.017363 3.87691e-20)
(1.00149 -0.0163293 -3.88848e-20)
(0.999626 -0.0152586 7.91353e-20)
(0.997859 -0.0141499 -7.93546e-20)
(0.996195 -0.0130025 0)
(0.994636 -0.0118152 1.62572e-19)
(0.993188 -0.0105863 -1.62964e-19)
(0.991855 -0.00931421 0)
(0.990642 -0.00799679 0)
(0.989554 -0.00663185 -1.67228e-19)
(0.988597 -0.00521707 -6.35742e-22)
(0.987778 -0.00374998 -5.62401e-22)
(0.987102 -0.0022281 5.08763e-19)
(0.986577 -0.00064877 -3.39946e-19)
(0.986212 0.00099212 0)
(0.986012 0.00269792 -3.41644e-19)
(0.985989 0.00446938 6.82847e-19)
(0.986155 0.00630627 -6.82223e-19)
(0.98652 0.00820788 6.80947e-19)
(0.987098 0.0101728 -3.39721e-19)
(0.987902 0.0121989 3.37794e-19)
(0.988947 0.0142828 -3.36929e-19)
(0.990248 0.0164205 3.33685e-19)
(0.991821 0.0186051 -3.326e-19)
(0.993643 0.0208233 0)
(0.995902 0.0230691 0)
(0.998675 0.0253304 -1.63686e-19)
(1.00201 0.0275559 0)
(1.00589 0.0296873 -3.19655e-19)
(1.01025 0.0316729 -3.16753e-19)
(1.01503 0.0334679 0)
(1.02019 0.0350352 0)
(1.02567 0.0363447 9.30701e-19)
(1.0314 0.0373735 -9.33545e-19)
(1.03735 0.0381038 9.25536e-19)
(1.04346 0.0385212 -9.294e-19)
(1.04969 0.0386132 -6.15212e-19)
(1.056 0.0383715 -7.63904e-19)
(1.06232 0.0377943 -6.07113e-19)
(1.0686 0.0368889 1.53591e-19)
(1.07476 0.0356747 3.7338e-20)
(1.08075 0.0341828 -6.49932e-19)
(1.08652 0.0324551 -3.03543e-19)
(1.09205 0.0305428 -3.09786e-19)
(1.09735 0.0284986 1.65938e-20)
(1.10244 0.0263702 -3.12573e-19)
(1.10724 0.0242096 0)
(1.11162 0.0220436 2.3408e-21)
(1.111 0.0166166 -2.79933e-21)
(1.11457 0.0149901 0)
(1.11774 0.0133538 1.87283e-19)
(1.12062 0.0116149 -1.96672e-20)
(1.12316 0.00974035 0)
(1.12522 0.00775467 0)
(1.12673 0.00569105 0)
(1.12766 0.00358132 -5.14841e-19)
(1.12806 0.00146009 0)
(1.12795 -0.000642693 -6.09441e-20)
(1.12739 -0.0027089 -2.9335e-19)
(1.1264 -0.00472882 -3.46537e-19)
(1.12504 -0.0066991 -1.144e-19)
(1.12333 -0.00862053 -5.23695e-22)
(1.12132 -0.0104899 5.50526e-19)
(1.11905 -0.0122985 0)
(1.11655 -0.014033 -2.16516e-19)
(1.11388 -0.0156732 0)
(1.11109 -0.0171932 -2.17266e-19)
(1.10823 -0.0185693 -2.2116e-19)
(1.10533 -0.0197769 -3.37406e-19)
(1.10246 -0.0207919 1.12894e-19)
(1.09966 -0.021597 -2.91946e-20)
(1.09689 -0.0222348 -2.36861e-19)
(1.09411 -0.0227904 2.37539e-19)
(1.09125 -0.0232785 0)
(1.08832 -0.0236975 2.50266e-19)
(1.08534 -0.0240475 -5.06172e-19)
(1.08231 -0.0243301 2.55947e-19)
(1.07925 -0.0245467 0)
(1.07616 -0.0246979 -1.34904e-19)
(1.07305 -0.0247846 1.35429e-19)
(1.06993 -0.0248076 -1.40014e-19)
(1.0668 -0.0247682 1.40574e-19)
(1.06367 -0.0246678 0)
(1.06056 -0.024508 1.47833e-19)
(1.05746 -0.0242906 -1.48438e-19)
(1.05439 -0.0240177 0)
(1.05135 -0.0236915 0)
(1.04834 -0.0233142 0)
(1.04537 -0.0228881 0)
(1.04244 -0.0224155 0)
(1.03957 -0.0218986 0)
(1.03676 -0.0213397 -8.42983e-20)
(1.034 -0.0207406 -9.1534e-22)
(1.03131 -0.0201032 4.24927e-20)
(1.02868 -0.0194292 4.35562e-20)
(1.02613 -0.0187199 0)
(1.02366 -0.0179764 0)
(1.02126 -0.0171998 -3.48951e-25)
(1.01895 -0.0163906 3.50184e-25)
(1.01673 -0.0155493 -2.34145e-20)
(1.0146 -0.014676 2.34927e-20)
(1.01256 -0.0137707 0)
(1.01062 -0.0128333 0)
(1.00878 -0.0118634 -9.76064e-20)
(1.00705 -0.0108604 9.78867e-20)
(1.00544 -0.00982348 0)
(1.00393 -0.00875154 0)
(1.00255 -0.00764319 0)
(1.0013 -0.00649679 0)
(1.00018 -0.00531066 2.04401e-19)
(0.999199 -0.00408298 7.51e-22)
(0.998362 -0.00281196 -4.12496e-19)
(0.997678 -0.00149584 -5.65032e-22)
(0.997154 -0.000132095 2.0775e-19)
(0.996794 0.00128257 -2.08517e-19)
(0.996607 0.00274974 4.16963e-19)
(0.996604 0.00426874 1.1283e-22)
(0.996796 0.00583827 -2.0822e-19)
(0.997192 0.00745656 0)
(0.997806 0.00912119 4.13989e-19)
(0.998651 0.0108289 -4.13036e-19)
(0.999739 0.0125754 0)
(1.00109 0.014356 -4.07006e-19)
(1.00271 0.0161642 4.05645e-19)
(1.0046 0.0179895 4.00178e-19)
(1.00686 0.0198378 -2.6383e-21)
(1.00949 0.0217022 -2.00779e-19)
(1.0125 0.0235361 0)
(1.0159 0.0252898 3.87868e-19)
(1.01964 0.0269194 0)
(1.02369 0.0283866 -3.80939e-19)
(1.02802 0.0296582 3.84937e-19)
(1.03259 0.0307076 3.78358e-19)
(1.03737 0.0315157 -3.55587e-21)
(1.04233 0.0320685 0)
(1.04745 0.0323562 0)
(1.05268 0.0323719 9.47428e-19)
(1.05798 0.0321119 -5.70287e-19)
(1.06328 0.0315766 1.03812e-18)
(1.06853 0.0307735 9.50151e-20)
(1.07366 0.0297179 -3.75252e-19)
(1.07864 0.028434 1.1554e-20)
(1.08346 0.0269569 -1.38577e-20)
(1.08813 0.0253317 -3.75572e-19)
(1.09279 0.0236045 3.79837e-19)
(1.09757 0.0218212 3.86424e-19)
(1.10235 0.0200422 4.77688e-20)
(1.1069 0.0183001 -2.86361e-21)
(1.09852 0.0136636 0)
(1.10237 0.0124509 1.32338e-20)
(1.10598 0.0112299 -1.9051e-19)
(1.1096 0.00988376 -2.41715e-20)
(1.11312 0.00836998 0)
(1.11632 0.00672052 3.48368e-19)
(1.11902 0.00497908 0)
(1.12116 0.00318399 0)
(1.12273 0.0013725 0)
(1.12376 -0.000425499 0)
(1.12428 -0.0021939 -2.20453e-19)
(1.12433 -0.00392563 7.25061e-20)
(1.12397 -0.00561974 -1.41756e-19)
(1.12322 -0.00727931 -2.79996e-19)
(1.12213 -0.00890266 0)
(1.12072 -0.010482 -2.7309e-19)
(1.11903 -0.0120041 -1.35783e-19)
(1.1171 -0.0134485 -1.36401e-19)
(1.11495 -0.014789 0)
(1.11263 -0.0160013 -1.39468e-19)
(1.11016 -0.0170609 5.52033e-19)
(1.10759 -0.017945 -7.07318e-20)
(1.10493 -0.018633 1.80708e-19)
(1.10217 -0.0191615 -1.43932e-19)
(1.09934 -0.0196191 1.48626e-19)
(1.09643 -0.0200231 -1.49154e-19)
(1.09344 -0.0203702 0)
(1.0904 -0.0206591 0)
(1.0873 -0.020891 1.60047e-19)
(1.08417 -0.0210667 -1.60684e-19)
(1.081 -0.0211868 0)
(1.07782 -0.0212515 0)
(1.07461 -0.0212616 0)
(1.0714 -0.0212179 -1.75585e-19)
(1.06818 -0.0211215 1.7634e-19)
(1.06498 -0.0209736 0)
(1.06178 -0.0207759 0)
(1.05861 -0.02053 -9.42474e-20)
(1.05546 -0.0202377 9.46602e-20)
(1.05234 -0.0199011 0)
(1.04926 -0.019522 0)
(1.04622 -0.0191025 0)
(1.04322 -0.0186446 0)
(1.04029 -0.0181502 0)
(1.0374 -0.017621 0)
(1.03459 -0.0170586 0)
(1.03184 -0.0164646 2.71088e-20)
(1.02916 -0.0158401 -5.46957e-20)
(1.02655 -0.0151862 2.75861e-20)
(1.02403 -0.0145038 -4.30198e-25)
(1.02159 -0.0137934 4.31806e-25)
(1.01925 -0.0130554 0)
(1.01699 -0.01229 2.9197e-20)
(1.01484 -0.0114972 -2.92963e-20)
(1.01278 -0.0106771 0)
(1.01084 -0.00982963 0)
(1.009 -0.0089546 0)
(1.00728 -0.00805152 -1.22548e-19)
(1.00569 -0.00711954 1.22879e-19)
(1.00422 -0.00615754 -1.24453e-19)
(1.00289 -0.00516421 1.24749e-19)
(1.0017 -0.00413816 1.26088e-19)
(1.00066 -0.00307794 4.52791e-22)
(0.999777 -0.00198221 -3.81872e-19)
(0.999053 -0.000849187 2.55263e-19)
(0.998495 0.000324504 -2.56728e-19)
(0.998108 0.00154086 -4.12204e-22)
(0.997903 0.0027993 5.13853e-19)
(0.997888 0.00409812 -2.56774e-19)
(0.998076 0.00543533 0)
(0.998476 0.00680842 2.55834e-19)
(0.999101 0.00821416 -2.55307e-19)
(0.999963 0.00964837 0)
(1.00107 0.0111059 0)
(1.00245 0.0125807 -2.50568e-19)
(1.00411 0.0140657 2.49712e-19)
(1.00606 0.0155515 -1.92717e-21)
(1.00832 0.0170618 0)
(1.0108 0.0185973 -2.45628e-19)
(1.01349 0.0201105 0)
(1.01641 0.0215556 2.35633e-19)
(1.01954 0.022893 -7.15976e-19)
(1.02287 0.0240881 -2.35045e-19)
(1.02639 0.0251105 2.37457e-19)
(1.03009 0.025937 -4.70544e-19)
(1.03397 0.0265527 -2.37664e-19)
(1.03802 0.026948 -2.37139e-19)
(1.04222 0.0271174 -2.32647e-19)
(1.04653 0.0270591 1.20662e-19)
(1.05091 0.0267727 2.33018e-19)
(1.05529 0.0262598 -5.82506e-19)
(1.05961 0.0255268 5.7239e-20)
(1.06381 0.0245854 -5.96956e-20)
(1.06789 0.0234547 4.61356e-19)
(1.07187 0.0221653 -1.77354e-21)
(1.07583 0.0207593 0)
(1.07996 0.0192819 0)
(1.08452 0.0177852 -2.3604e-19)
(1.08939 0.0163339 -2.8875e-20)
(1.09419 0.0149539 0)
(1.07748 0.0109631 -2.08655e-21)
(1.08168 0.0100959 -1.60344e-20)
(1.0858 0.00922595 3.09218e-20)
(1.09019 0.00821741 -1.47192e-20)
(1.09474 0.00701499 2.29793e-19)
(1.09908 0.00565405 -4.31144e-19)
(1.10298 0.00418902 0)
(1.10632 0.00266566 -3.96699e-19)
(1.10907 0.00112406 3.37142e-19)
(1.11123 -0.000405491 -3.28297e-19)
(1.11283 -0.00190823 -2.75114e-19)
(1.11392 -0.00337953 2.69474e-19)
(1.11454 -0.00482122 -3.52394e-19)
(1.11474 -0.00623924 3.44763e-19)
(1.11455 -0.00763444 -1.7092e-19)
(1.114 -0.00900064 -1.70183e-19)
(1.1131 -0.0103256 1.68567e-19)
(1.11188 -0.0115891 3.35303e-19)
(1.11036 -0.0127639 0)
(1.10856 -0.0138247 1.69073e-19)
(1.1065 -0.0147461 -1.70615e-19)
(1.1042 -0.0155056 -8.65529e-20)
(1.10166 -0.0160794 0)
(1.09887 -0.0165007 0)
(1.09596 -0.0168649 0)
(1.09295 -0.0171903 0)
(1.08987 -0.0174705 -1.90485e-19)
(1.08672 -0.0177023 1.91244e-19)
(1.08351 -0.0178863 0)
(1.08025 -0.0180228 2.01413e-19)
(1.07696 -0.0181119 -3.04873e-19)
(1.07363 -0.0181536 -1.47443e-21)
(1.07028 -0.0181481 2.11447e-19)
(1.06691 -0.018096 -1.06941e-19)
(1.06354 -0.0179982 0)
(1.06016 -0.0178558 1.12405e-19)
(1.05679 -0.01767 -1.12919e-19)
(1.05343 -0.0174422 -1.16412e-19)
(1.05009 -0.0171743 1.16945e-19)
(1.04677 -0.0168678 1.20419e-19)
(1.04349 -0.0165246 -1.82173e-19)
(1.04024 -0.0161465 1.23679e-19)
(1.03703 -0.0157352 -1.25654e-19)
(1.03387 -0.0152927 6.34585e-20)
(1.03077 -0.0148203 0)
(1.02772 -0.0143198 0)
(1.02474 -0.0137923 0)
(1.02183 -0.0132392 1.69767e-20)
(1.019 -0.0126614 -1.70447e-20)
(1.01625 -0.0120597 -2.65788e-25)
(1.01358 -0.0114345 2.66795e-25)
(1.01101 -0.0107864 -1.78377e-20)
(1.00853 -0.0101153 -1.81739e-20)
(1.00616 -0.00942143 3.61975e-20)
(1.0039 -0.00870493 0)
(1.00174 -0.00796614 0)
(0.999712 -0.00720535 -7.50417e-20)
(0.997805 -0.0064224 7.52521e-20)
(0.996032 -0.00561663 0)
(0.994398 -0.00478706 1.53674e-19)
(0.992911 -0.00393258 -1.54025e-19)
(0.991579 -0.003052 0)
(0.990408 -0.00214395 -1.56494e-19)
(0.989406 -0.00120726 1.56761e-19)
(0.988578 -0.00023784 0)
(0.987921 0.000767781 0)
(0.987449 0.00180797 0)
(0.987174 0.00288058 0)
(0.987106 0.00398354 1.58174e-19)
(0.987256 0.0051145 -1.57917e-19)
(0.987635 0.00627053 -3.14903e-19)
(0.988256 0.00744789 3.14196e-19)
(0.989129 0.00864182 0)
(0.990269 0.00984634 -3.10414e-19)
(0.991688 0.0110541 3.09417e-19)
(0.9934 0.0122565 0)
(0.99545 0.0134423 2.3782e-21)
(0.997726 0.0146519 -2.26927e-19)
(1.00009 0.0158985 7.54132e-19)
(1.0025 0.0171355 -5.95776e-19)
(1.00498 0.0183151 9.71654e-22)
(1.00755 0.0193979 2.93136e-19)
(1.01022 0.0203515 2.90815e-19)
(1.01302 0.0211487 0)
(1.01596 0.0217711 2.87866e-19)
(1.01907 0.0222088 -2.91148e-19)
(1.02235 0.0224571 0)
(1.02581 0.022515 -1.42675e-19)
(1.02939 0.0223844 -4.29608e-19)
(1.03306 0.0220666 7.01491e-20)
(1.03675 0.0215633 -1.52155e-21)
(1.04038 0.0208795 -7.15305e-20)
(1.04391 0.0200236 5.62686e-19)
(1.04737 0.0190121 -5.60937e-19)
(1.05079 0.0178734 1.12234e-18)
(1.05427 0.0166484 1.73829e-20)
(1.0581 0.0153854 -3.94813e-22)
(1.06263 0.0141444 -1.81218e-20)
(1.0677 0.0129869 -3.51862e-20)
(1.07283 0.0119221 0)
(1.04841 0.00846494 2.50723e-21)
(1.053 0.00788955 0)
(1.05761 0.00731514 0)
(1.0627 0.00659147 -8.82568e-21)
(1.06814 0.00565296 -2.57496e-19)
(1.07349 0.0045386 -4.07842e-21)
(1.07845 0.00331365 -1.55966e-20)
(1.08288 0.00203052 7.41759e-19)
(1.0867 0.000730642 -2.34073e-19)
(1.08988 -0.000556081 5.16073e-19)
(1.09247 -0.00181624 1.6713e-19)
(1.0945 -0.00304766 -2.19078e-19)
(1.09603 -0.00425494 5.40955e-19)
(1.09709 -0.005447 2.14278e-19)
(1.09773 -0.00662762 3.15552e-19)
(1.09796 -0.00779277 2.07598e-19)
(1.09778 -0.00893159 0)
(1.09721 -0.0100242 7.96616e-22)
(1.09625 -0.0110426 -2.09293e-19)
(1.0949 -0.0119594 4.19013e-19)
(1.09318 -0.0127472 2.12296e-19)
(1.09108 -0.013382 -1.08383e-19)
(1.08857 -0.0138392 -2.74379e-20)
(1.08566 -0.0141542 0)
(1.08257 -0.0144285 -1.13273e-19)
(1.07937 -0.0146781 1.13726e-19)
(1.07607 -0.0148927 -1.1751e-19)
(1.0727 -0.0150676 -1.70666e-21)
(1.06926 -0.0152025 1.20232e-19)
(1.06575 -0.0152975 1.24269e-19)
(1.06218 -0.0153519 -1.24828e-19)
(1.05857 -0.0153656 0)
(1.05492 -0.0153385 0)
(1.05124 -0.015271 1.33817e-19)
(1.04754 -0.0151638 -1.34443e-19)
(1.04383 -0.0150179 -1.38724e-19)
(1.0401 -0.0148343 2.09973e-19)
(1.03638 -0.0146145 -7.09281e-20)
(1.03266 -0.01436 0)
(1.02896 -0.0140724 7.43009e-20)
(1.02528 -0.0137534 -7.46424e-20)
(1.02163 -0.0134047 7.67449e-20)
(1.01801 -0.0130282 -7.70883e-20)
(1.01444 -0.0126254 0)
(1.01092 -0.0121979 0)
(1.00746 -0.0117472 4.07405e-20)
(1.00407 -0.0112747 -4.09083e-20)
(1.00075 -0.0107814 -2.09334e-20)
(0.997503 -0.0102683 1.0412e-20)
(0.994347 -0.00973621 1.06428e-20)
(0.991284 -0.00918564 1.08643e-20)
(0.988322 -0.00861688 -3.28805e-20)
(0.985467 -0.00803003 2.20518e-20)
(0.982726 -0.00742511 0)
(0.980106 -0.0068024 4.53455e-20)
(0.977612 -0.00616267 -4.54759e-20)
(0.975254 -0.00550685 0)
(0.973039 -0.00483505 -9.30965e-20)
(0.970975 -0.00414672 9.33151e-20)
(0.969071 -0.00344086 9.4459e-20)
(0.967336 -0.00271658 -9.46447e-20)
(0.965777 -0.00197282 0)
(0.964403 -0.00120799 0)
(0.963218 -0.000416369 0)
(0.962206 0.000406529 1.93561e-19)
(0.9614 0.00125705 -3.87184e-19)
(0.96081 0.00213201 1.9357e-19)
(0.960449 0.00302967 0)
(0.960328 0.00394821 0)
(0.960459 0.0048853 -1.931e-19)
(0.960853 0.00583797 1.9266e-19)
(0.961522 0.00680244 0)
(0.962477 0.00777387 0)
(0.963728 0.008746 0)
(0.965287 0.00971079 0)
(0.967162 0.0106584 0)
(0.969422 0.0115753 0)
(0.97183 0.0125033 -9.27773e-20)
(0.97423 0.0134723 -5.51978e-19)
(0.976534 0.014448 3.65667e-19)
(0.978804 0.0153783 0)
(0.981085 0.0162212 -7.12841e-19)
(0.983404 0.0169461 5.33557e-19)
(0.985812 0.0175304 -1.78068e-19)
(0.988364 0.0179613 7.06076e-19)
(0.991094 0.018234 3.52092e-19)
(0.994023 0.0183482 0)
(0.997155 0.0183063 1.7363e-19)
(1.00045 0.0181117 5.21907e-19)
(1.00385 0.017766 7.80628e-19)
(1.00728 0.0172707 -5.18493e-19)
(1.01068 0.0166289 4.30488e-19)
(1.014 0.0158476 2.11092e-20)
(1.01726 0.0149429 -2.15198e-20)
(1.02053 0.0139418 -6.78941e-19)
(1.02391 0.0128845 1.05146e-20)
(1.02774 0.0118231 3.32096e-19)
(1.03241 0.0108212 0)
(1.03781 0.00992932 0)
(1.04337 0.00914117 0)
(1.01188 0.00615775 6.0272e-21)
(1.01682 0.00584207 -1.76844e-20)
(1.02183 0.00552918 1.49038e-22)
(1.02743 0.00505113 1.84043e-19)
(1.03353 0.00433528 0)
(1.03966 0.00342923 0)
(1.04545 0.00241152 0)
(1.05073 0.00134067 -2.97366e-19)
(1.05538 0.000258102 -2.53168e-19)
(1.05938 -0.000807576 -1.06104e-19)
(1.06274 -0.00184469 3.45832e-19)
(1.06551 -0.00285371 7.71963e-22)
(1.06774 -0.00384206 -2.67703e-19)
(1.06948 -0.00482151 -5.27094e-19)
(1.07076 -0.00579881 0)
(1.07158 -0.00677227 5.16731e-19)
(1.07195 -0.00773257 0)
(1.07186 -0.00866059 -3.85613e-19)
(1.07128 -0.00952732 1.28323e-19)
(1.07022 -0.0103026 -1.28898e-19)
(1.06865 -0.0109561 -1.30872e-19)
(1.06657 -0.0114569 -9.48043e-22)
(1.06388 -0.011787 2.01937e-19)
(1.06064 -0.0119948 -1.06542e-21)
(1.05714 -0.0121812 0)
(1.0535 -0.0123539 0)
(1.04976 -0.0124993 0)
(1.04591 -0.0126121 0)
(1.04196 -0.0126918 -1.50573e-19)
(1.03793 -0.0127376 -2.15501e-21)
(1.03382 -0.0127489 -2.17988e-21)
(1.02964 -0.0127253 7.74341e-20)
(1.02541 -0.0126668 8.00124e-20)
(1.02112 -0.0125736 8.26183e-20)
(1.0168 -0.0124466 -1.6714e-19)
(1.01245 -0.0122866 8.45275e-20)
(1.00808 -0.0120948 0)
(1.00371 -0.0118725 -8.86806e-20)
(0.999336 -0.0116214 8.90936e-20)
(0.994975 -0.011343 9.1707e-20)
(0.990636 -0.011039 -4.55188e-20)
(0.986331 -0.0107112 -4.68116e-20)
(0.982068 -0.0103613 0)
(0.977857 -0.00999089 4.88115e-20)
(0.973709 -0.00960155 -4.90147e-20)
(0.969633 -0.00919473 2.51156e-20)
(0.965639 -0.00877172 -5.06744e-20)
(0.961736 -0.00833365 1.26582e-20)
(0.957933 -0.00788146 6.41433e-21)
(0.954239 -0.00741589 6.55413e-21)
(0.950665 -0.00693743 2.02435e-25)
(0.947217 -0.00644628 0)
(0.943906 -0.0059424 2.73396e-20)
(0.940738 -0.00542556 -2.74178e-20)
(0.937722 -0.00489593 -5.57542e-20)
(0.934864 -0.00435485 5.58938e-20)
(0.932174 -0.00380399 -5.67226e-20)
(0.929662 -0.00324358 5.68427e-20)
(0.927336 -0.00267305 0)
(0.925206 -0.00209106 1.15892e-19)
(0.92328 -0.001497 -1.16066e-19)
(0.921564 -0.00088808 1.17184e-19)
(0.920053 -0.000257342 -1.17287e-19)
(0.918734 0.000398462 0)
(0.917663 0.00107406 1.18234e-19)
(0.916847 0.0017647 2.36027e-22)
(0.916296 0.00246982 -2.36437e-19)
(0.916023 0.00318896 2.36287e-19)
(0.916038 0.00392082 -1.17948e-19)
(0.916352 0.00466344 2.35371e-19)
(0.916974 0.00541426 -1.92335e-22)
(0.917912 0.0061699 -2.33847e-19)
(0.919175 0.0069259 2.32247e-19)
(0.920769 0.00767633 -2.31427e-19)
(0.922702 0.00841325 0)
(0.924976 0.00912698 2.27143e-19)
(0.927673 0.00980471 -4.53027e-19)
(0.930459 0.0104676 5.78245e-20)
(0.933176 0.0111621 2.25418e-19)
(0.935737 0.0118817 9.53221e-22)
(0.938209 0.0125701 2.20492e-19)
(0.940654 0.0131828 2.19183e-19)
(0.943117 0.0136911 -2.15333e-19)
(0.945662 0.0140781 4.30878e-19)
(0.948355 0.0143368 -6.42806e-19)
(0.951238 0.0144659 -6.4121e-19)
(0.954336 0.0144679 0)
(0.957653 0.0143471 -4.26306e-19)
(0.961142 0.0141066 4.24635e-19)
(0.96474 0.0137476 0)
(0.968372 0.0132709 4.7174e-19)
(0.971954 0.0126784 -1.03835e-19)
(0.975442 0.0119767 2.68369e-20)
(0.978859 0.0111817 -3.81769e-19)
(0.982269 0.0103189 -4.20183e-19)
(0.985794 0.0094267 -4.13965e-19)
(0.989791 0.00855977 -4.15426e-19)
(0.994718 0.00777984 0)
(1.00049 0.007127 -1.93749e-20)
(1.00646 0.00658435 -6.30021e-21)
(0.966376 0.00407048 0)
(0.97151 0.00399674 0)
(0.976723 0.00393147 -9.84232e-20)
(0.982649 0.00368067 -2.28209e-19)
(0.989196 0.00316218 -2.05972e-19)
(0.995863 0.00243734 -6.16861e-21)
(1.00225 0.00160228 6.00741e-21)
(1.00813 0.000721758 1.85786e-19)
(1.01338 -0.000163672 0)
(1.01793 -0.00102667 -2.20534e-19)
(1.0218 -0.00185715 4.31971e-20)
(1.02505 -0.00265829 -8.414e-20)
(1.02771 -0.00344024 8.29451e-20)
(1.02985 -0.00421739 3.28443e-19)
(1.03148 -0.00499948 0)
(1.03261 -0.00578722 -4.03113e-19)
(1.03322 -0.00657287 7.99507e-20)
(1.03329 -0.00733832 -1.61123e-19)
(1.03279 -0.00805379 3.21883e-19)
(1.03167 -0.00868567 9.31821e-22)
(1.02992 -0.00920145 -8.28897e-20)
(1.0275 -0.00955174 2.49157e-19)
(1.02421 -0.00973406 -2.10697e-19)
(1.02021 -0.00983002 -2.22152e-21)
(1.01589 -0.00992528 1.71226e-19)
(1.0114 -0.0100149 0)
(1.00678 -0.0100843 9.01412e-20)
(1.00204 -0.0101283 -1.8243e-19)
(0.997179 -0.0101458 9.23009e-20)
(0.992215 -0.0101361 9.53966e-20)
(0.987163 -0.0100982 -1.93067e-19)
(0.982037 -0.0100319 9.76802e-20)
(0.976852 -0.0099374 0)
(0.971624 -0.00981506 0)
(0.966366 -0.00966569 -1.04631e-19)
(0.961094 -0.00949034 1.05135e-19)
(0.955823 -0.00929026 0)
(0.950567 -0.00906689 5.51415e-20)
(0.94534 -0.00882177 -5.53984e-20)
(0.940157 -0.00855653 0)
(0.935031 -0.00827283 0)
(0.929975 -0.00797231 0)
(0.925002 -0.00765659 -5.97704e-20)
(0.920124 -0.00732718 2.96868e-20)
(0.915354 -0.0069855 3.04552e-20)
(0.910702 -0.00663285 -3.12043e-20)
(0.906179 -0.00627037 4.71344e-20)
(0.901796 -0.00589903 -1.58699e-20)
(0.897562 -0.00551963 0)
(0.893487 -0.00513274 0)
(0.889581 -0.00473869 0)
(0.885852 -0.00433749 0)
(0.882309 -0.00392879 -1.69516e-20)
(0.878958 -0.0035118 1.69941e-20)
(0.875808 -0.00308625 0)
(0.872862 -0.00265408 0)
(0.87013 -0.002218 7.02288e-20)
(0.86762 -0.00177789 -7.03461e-20)
(0.865341 -0.00133333 -7.12131e-20)
(0.863298 -0.000883045 7.13014e-20)
(0.861497 -0.000419296 0)
(0.859903 6.25528e-05 0)
(0.858553 0.000560157 -1.45109e-19)
(0.857494 0.00106802 1.44941e-19)
(0.856731 0.00158168 -1.45527e-19)
(0.856271 0.00210233 -2.90423e-22)
(0.856122 0.00263144 1.45289e-19)
(0.856292 0.00316909 0)
(0.856789 0.00371434 1.45013e-19)
(0.85762 0.00426567 -2.72773e-23)
(0.85879 0.00482098 -1.1481e-22)
(0.860304 0.00537744 -1.43544e-19)
(0.862167 0.00593114 0)
(0.864383 0.0064767 0)
(0.866953 0.00700662 0)
(0.869874 0.00751196 2.78573e-19)
(0.873236 0.00798326 -2.75226e-19)
(0.87666 0.00841151 2.05818e-19)
(0.879947 0.00885165 -5.50833e-19)
(0.883099 0.0093337 -1.35037e-19)
(0.886127 0.00980258 0)
(0.889105 0.01021 2.66085e-19)
(0.892084 0.0105285 -3.99758e-19)
(0.895134 0.0107474 -6.61751e-19)
(0.898323 0.0108639 5.28476e-19)
(0.901692 0.0108793 5.27206e-19)
(0.905264 0.0107976 -2.63153e-19)
(0.909038 0.010624 3.94552e-19)
(0.912961 0.0103606 -4.55497e-19)
(0.916959 0.0100081 1.28171e-21)
(0.92095 0.00956673 6.54327e-20)
(0.924838 0.00903718 -5.15395e-19)
(0.92857 0.00842568 1.58713e-20)
(0.932165 0.00774739 7.60157e-19)
(0.935692 0.0070248 5.03492e-19)
(0.939286 0.0062928 5.12064e-19)
(0.943355 0.00560753 -2.73348e-19)
(0.948428 0.0050274 -1.12882e-19)
(0.954476 0.00459038 6.75154e-20)
(0.96073 0.00427169 -3.89656e-21)
(0.90559 0.00228175 -4.76994e-21)
(0.910583 0.00243641 4.71817e-21)
(0.915731 0.00260912 7.19509e-20)
(0.921778 0.00257519 -1.37819e-19)
(0.928629 0.00223548 2.60105e-19)
(0.935708 0.00166917 3.9934e-21)
(0.942546 0.000997097 -2.30577e-19)
(0.948864 0.000291012 -2.82467e-19)
(0.954492 -0.000410921 5.78744e-20)
(0.959357 -0.00108278 1.97256e-19)
(0.963478 -0.00171578 -5.5182e-20)
(0.966899 -0.00231626 -2.1638e-19)
(0.969673 -0.00289701 3.19185e-19)
(0.971858 -0.00347468 -1.5753e-19)
(0.973475 -0.00406243 1.03426e-19)
(0.974511 -0.0046634 0)
(0.974944 -0.00527147 0)
(0.974728 -0.00587019 0)
(0.973801 -0.0064297 -1.02899e-19)
(0.972117 -0.00691152 -1.03428e-19)
(0.969631 -0.00726947 6.27216e-22)
(0.966165 -0.00744696 -1.04331e-19)
(0.961742 -0.00748369 -1.05461e-19)
(0.956436 -0.00748004 2.51238e-21)
(0.95078 -0.00748735 0)
(0.944972 -0.0074932 0)
(0.939056 -0.00748674 0)
(0.933038 -0.00746387 0)
(0.926934 -0.00742328 0)
(0.920767 -0.0073643 0)
(0.914559 -0.00728648 0)
(0.908333 -0.00718968 0)
(0.902108 -0.00707407 0)
(0.895903 -0.00694007 0)
(0.889738 -0.00678834 0)
(0.88363 -0.00661969 0)
(0.877595 -0.00643511 0)
(0.871651 -0.00623571 0)
(0.86581 -0.00602265 0)
(0.860088 -0.0057972 0)
(0.854496 -0.0055606 0)
(0.849047 -0.0053141 0)
(0.843753 -0.00505891 0)
(0.838623 -0.00479618 0)
(0.833666 -0.00452694 3.91422e-20)
(0.828893 -0.00425216 -3.92953e-20)
(0.824311 -0.00397265 0)
(0.819928 -0.00368909 0)
(0.815752 -0.00340202 -5.15643e-21)
(0.81179 -0.00311176 5.1726e-21)
(0.808047 -0.00281845 0)
(0.804531 -0.0025219 0)
(0.801248 -0.00222141 0)
(0.798202 -0.00191548 0)
(0.795397 -0.00160296 0)
(0.792836 -0.00128646 0)
(0.790523 -0.000970598 0)
(0.788463 -0.000655622 0)
(0.786665 -0.000334284 0)
(0.785088 -2.93111e-06 0)
(0.783752 0.000338404 0)
(0.782732 0.000687693 0)
(0.782026 0.0010388 0)
(0.781636 0.00138983 0)
(0.781566 0.00174296 0)
(0.781821 0.00210086 0)
(0.782406 0.00246463 0)
(0.783325 0.00283419 0)
(0.784584 0.00320874 0)
(0.786188 0.00358703 0)
(0.788139 0.00396737 0)
(0.79044 0.00434736 0)
(0.793094 0.00472369 0)
(0.796101 0.00509159 0)
(0.79946 0.00544409 0)
(0.803161 0.00577252 0)
(0.807303 0.00607036 0)
(0.811497 0.00630573 0)
(0.815472 0.00652935 -2.59273e-19)
(0.819348 0.00680454 3.44089e-19)
(0.823049 0.00709106 -1.70188e-19)
(0.826655 0.00733056 -1.68111e-19)
(0.830222 0.00749567 5.05738e-19)
(0.833824 0.00758147 3.35396e-19)
(0.837526 0.00758929 0)
(0.841367 0.00752193 -1.65863e-19)
(0.845363 0.00738464 5.01951e-19)
(0.849509 0.00718336 0)
(0.85374 0.00691935 3.32627e-19)
(0.857969 0.00659284 8.20368e-20)
(0.8621 0.00620382 -1.24302e-19)
(0.86602 0.00575129 8.23266e-20)
(0.869663 0.00524049 -3.70312e-19)
(0.873047 0.00468529 -6.61691e-19)
(0.876248 0.00410368 5.19099e-21)
(0.879433 0.00352427 0)
(0.883096 0.00300681 3.40062e-19)
(0.887886 0.00260418 1.6495e-19)
(0.893856 0.00236846 -5.10737e-20)
(0.900062 0.00227116 0)
(0.812357 0.000814084 3.24453e-21)
(0.816676 0.00120995 2.21851e-20)
(0.821445 0.00165009 8.56432e-20)
(0.827557 0.00187233 1.99192e-19)
(0.834808 0.00173799 0)
(0.842426 0.0013373 0)
(0.849802 0.000825256 3.33007e-19)
(0.856566 0.000287832 -2.00705e-20)
(0.862501 -0.000236992 1.95682e-20)
(0.86752 -0.000723101 0)
(0.871653 -0.00116141 -1.48264e-19)
(0.874962 -0.00156156 1.45119e-19)
(0.877516 -0.00193899 7.13478e-20)
(0.879387 -0.00231215 1.40508e-19)
(0.880595 -0.00269837 -1.38447e-19)
(0.881118 -0.00310355 6.8307e-20)
(0.880917 -0.00352296 1.36777e-19)
(0.879927 -0.00394268 -2.71089e-19)
(0.878065 -0.00433455 0)
(0.875281 -0.00465621 1.37385e-19)
(0.871534 -0.00484045 -2.06142e-19)
(0.866675 -0.00485363 -1.40063e-19)
(0.860821 -0.00478786 1.56948e-19)
(0.854057 -0.00473995 1.40758e-19)
(0.847032 -0.00470404 -1.43772e-19)
(0.839978 -0.00467098 -7.43584e-20)
(0.832942 -0.00463722 -1.05642e-21)
(0.825929 -0.00459885 -1.07765e-21)
(0.818953 -0.00455333 -1.09801e-21)
(0.812036 -0.00449907 -1.11522e-21)
(0.805198 -0.00443495 8.10258e-20)
(0.798456 -0.00436022 0)
(0.791825 -0.00427446 0)
(0.785318 -0.00417755 8.71248e-20)
(0.778949 -0.00406962 -8.76455e-20)
(0.772728 -0.00395104 0)
(0.766667 -0.00382234 0)
(0.760775 -0.0036842 4.69374e-20)
(0.755061 -0.0035374 -4.71997e-20)
(0.749534 -0.00338282 -4.86136e-20)
(0.744202 -0.00322136 4.88706e-20)
(0.739071 -0.00305392 -5.02591e-20)
(0.734149 -0.0028814 5.05066e-20)
(0.729442 -0.00270466 2.59284e-20)
(0.724955 -0.00252447 -2.60453e-20)
(0.720695 -0.00234154 -2.6695e-20)
(0.716665 -0.00215646 2.68031e-20)
(0.712871 -0.00196972 1.37106e-20)
(0.709316 -0.00178168 -6.81772e-21)
(0.706006 -0.00159255 -6.9649e-21)
(0.702943 -0.00140237 -7.10449e-21)
(0.700131 -0.00121088 -7.2372e-21)
(0.697574 -0.00101732 1.43976e-20)
(0.695277 -0.000819318 2.92851e-20)
(0.69324 -0.000615585 -2.93423e-20)
(0.69146 -0.000411173 -2.97813e-20)
(0.689941 -0.000204684 2.98243e-20)
(0.688635 6.35104e-06 6.03961e-20)
(0.687569 0.000220971 3.15308e-22)
(0.686822 0.000439461 -6.07313e-20)
(0.686388 0.000656166 0)
(0.686267 0.000869678 -6.14327e-20)
(0.686462 0.00108248 6.13579e-20)
(0.686972 0.00129593 -1.23323e-19)
(0.687799 0.00151196 1.23098e-19)
(0.688946 0.0017319 -1.23394e-19)
(0.690416 0.00195619 1.23089e-19)
(0.692213 0.00218457 -1.23053e-19)
(0.694341 0.00241636 -5.39557e-23)
(0.696803 0.00265056 1.22295e-19)
(0.699603 0.0028858 1.21723e-19)
(0.702741 0.00312021 -1.21219e-19)
(0.706218 0.00335113 0)
(0.710033 0.0035746 1.19378e-19)
(0.714181 0.00378446 -1.18776e-19)
(0.718648 0.00397185 2.34531e-19)
(0.723536 0.00413004 -2.33296e-19)
(0.728448 0.00420737 0)
(0.733091 0.00425681 2.87342e-19)
(0.737539 0.00436936 -2.29987e-19)
(0.741722 0.00452015 4.532e-19)
(0.74572 0.00463342 -2.27049e-19)
(0.749601 0.00468096 -2.24917e-19)
(0.753436 0.00466417 2.24725e-19)
(0.757288 0.00458954 0)
(0.761187 0.00446283 -3.35773e-19)
(0.765142 0.00429145 1.79564e-21)
(0.769135 0.00408293 1.13026e-19)
(0.773086 0.00383754 -2.23639e-19)
(0.776887 0.00355494 5.53376e-20)
(0.78042 0.00323445 1.66955e-19)
(0.783548 0.00287224 0)
(0.78619 0.00247152 4.31731e-19)
(0.788362 0.00204474 2.36861e-19)
(0.79016 0.00160422 0)
(0.791791 0.0011677 0)
(0.793895 0.000800906 0)
(0.797337 0.000573685 5.61036e-20)
(0.802033 0.000507887 0)
(0.807589 0.000597637 0)
(0.636855 -0.000270598 0)
(0.639732 0.000209244 -4.88885e-20)
(0.644109 0.000822354 0)
(0.651001 0.00127844 8.99151e-21)
(0.659712 0.00138433 -8.68126e-21)
(0.66893 0.00120369 1.32626e-19)
(0.677759 0.000900302 -1.27337e-19)
(0.685713 0.000568148 1.22572e-19)
(0.692535 0.000244749 0)
(0.698173 -4.35191e-05 -5.73286e-20)
(0.702729 -0.000285183 2.7915e-19)
(0.706322 -0.000490284 -1.63384e-19)
(0.70907 -0.000674387 -5.3294e-20)
(0.711076 -0.000855232 -3.14578e-19)
(0.712357 -0.00105344 1.02955e-19)
(0.712876 -0.00127849 0)
(0.71257 -0.0015285 0)
(0.711355 -0.00179452 2.01618e-19)
(0.709136 -0.00205446 -1.00796e-19)
(0.705892 -0.00226855 5.05893e-20)
(0.701634 -0.00237045 1.01958e-19)
(0.696503 -0.00233537 -1.03436e-19)
(0.690551 -0.00226139 6.43156e-20)
(0.683785 -0.00223956 -1.04512e-19)
(0.676867 -0.00221589 1.06896e-19)
(0.670044 -0.00219149 0)
(0.663349 -0.00217127 0)
(0.656766 -0.0021535 0)
(0.650292 -0.00213577 0)
(0.643937 -0.00211619 0)
(0.637709 -0.00209308 0)
(0.631618 -0.00206506 0)
(0.625671 -0.00203102 0)
(0.619877 -0.00199022 0)
(0.614245 -0.00194223 0)
(0.608783 -0.00188689 0)
(0.603502 -0.00182432 0)
(0.598409 -0.00175485 0)
(0.593513 -0.00167896 0)
(0.588822 -0.00159726 7.39457e-20)
(0.584343 -0.00151044 -7.44295e-20)
(0.580084 -0.00141925 0)
(0.57605 -0.00132443 0)
(0.572246 -0.0012267 0)
(0.568678 -0.00112674 0)
(0.565348 -0.00102517 0)
(0.562261 -0.000922512 0)
(0.55942 -0.000819215 0)
(0.556825 -0.000715616 0)
(0.554481 -0.000611936 0)
(0.552387 -0.000508269 0)
(0.550547 -0.000404502 0)
(0.548963 -0.000300133 0)
(0.547637 -0.000193633 0)
(0.546582 -7.29639e-05 4.53249e-20)
(0.545715 5.76828e-05 -4.53811e-20)
(0.545067 0.00018573 0)
(0.544746 0.000310918 0)
(0.544728 0.000428278 -9.29505e-20)
(0.545007 0.000538499 9.28782e-20)
(0.545581 0.000644143 9.36252e-20)
(0.546444 0.000747183 -9.34801e-20)
(0.547595 0.00085042 9.39919e-20)
(0.549035 0.000954574 -9.37712e-20)
(0.550763 0.0010604 -9.40335e-20)
(0.552784 0.00116854 1.87662e-19)
(0.555099 0.00127918 -9.35893e-20)
(0.557715 0.00139207 0)
(0.560635 0.00150664 0)
(0.563863 0.00162208 0)
(0.567402 0.00173736 0)
(0.571252 0.00185113 1.82813e-19)
(0.575411 0.00196144 -1.81693e-19)
(0.579876 0.00206542 0)
(0.584636 0.00215813 0)
(0.589664 0.00223176 1.7588e-19)
(0.595073 0.00227768 -8.83757e-22)
(0.600382 0.00221922 -3.45388e-19)
(0.605253 0.00211475 2.1527e-19)
(0.609739 0.00208211 1.69752e-19)
(0.613837 0.00211273 -1.6999e-19)
(0.617598 0.00212409 1.68373e-19)
(0.621076 0.00208697 -3.35496e-19)
(0.624321 0.00200335 -1.68532e-19)
(0.627372 0.00188123 -1.68587e-19)
(0.630239 0.00172774 3.34969e-19)
(0.632915 0.00155164 -8.3121e-20)
(0.635374 0.0013625 -8.32068e-20)
(0.637524 0.00116084 -5.03089e-19)
(0.639242 0.000946857 0)
(0.640395 0.000720446 -3.35438e-19)
(0.640824 0.000475977 0)
(0.640423 0.000214435 1.68315e-19)
(0.639204 -5.36139e-05 3.37571e-19)
(0.637269 -0.000320808 -1.69583e-19)
(0.634838 -0.000583058 1.70325e-19)
(0.632655 -0.000780301 0)
(0.631906 -0.000822702 -8.54117e-20)
(0.632794 -0.000731747 -5.22191e-21)
(0.63477 -0.000539755 5.87641e-21)
(0.283263 -0.000192232 5.00724e-21)
(0.282581 8.03233e-05 1.47962e-20)
(0.285967 0.000436938 1.90795e-20)
(0.293455 0.00070963 -1.8569e-20)
(0.303164 0.000791906 0)
(0.313097 0.000729093 -2.64416e-19)
(0.32231 0.000623381 2.54298e-19)
(0.330475 0.000523743 -2.53197e-19)
(0.337491 0.000441224 0)
(0.343459 0.000385156 0)
(0.348608 0.000360002 0)
(0.353116 0.000356764 0)
(0.357105 0.00036456 0)
(0.360653 0.000372857 1.09259e-19)
(0.363698 0.000367501 -1.07118e-19)
(0.366112 0.000341388 1.066e-19)
(0.367767 0.000294499 -3.16587e-19)
(0.368527 0.00022914 2.08989e-19)
(0.368276 0.000154125 2.09934e-19)
(0.367044 8.97367e-05 -3.17285e-19)
(0.364929 6.46438e-05 2.1141e-19)
(0.362303 8.55264e-05 -2.15834e-19)
(0.359465 9.74877e-05 2.43134e-19)
(0.35604 6.2992e-05 0)
(0.352277 4.28348e-05 2.2715e-19)
(0.348514 2.02308e-05 -1.12813e-19)
(0.344775 -8.9615e-06 -2.35586e-19)
(0.341005 -4.04105e-05 1.19585e-19)
(0.337187 -7.12704e-05 0)
(0.333332 -0.000100124 0)
(0.329457 -0.000125945 0)
(0.325578 -0.000147974 0)
(0.321714 -0.000165781 0)
(0.317886 -0.000179227 0)
(0.314117 -0.000188392 0)
(0.310428 -0.000193512 0)
(0.306839 -0.000194929 1.48505e-19)
(0.303372 -0.000193055 -7.39829e-20)
(0.300042 -0.000188337 -1.5398e-19)
(0.296867 -0.00018123 -9.34233e-22)
(0.293858 -0.000172171 7.96862e-20)
(0.291029 -0.000161572 8.21595e-20)
(0.288388 -0.000149803 -8.27566e-20)
(0.285941 -0.000137178 0)
(0.283695 -0.000123958 0)
(0.281654 -0.000110349 0)
(0.279818 -9.6495e-05 0)
(0.27819 -8.24964e-05 0)
(0.276769 -6.8386e-05 0)
(0.275555 -5.41463e-05 0)
(0.274549 -3.97105e-05 0)
(0.273748 -2.4926e-05 0)
(0.273154 -9.46697e-06 0)
(0.272767 7.58363e-06 0)
(0.272587 3.75772e-05 0)
(0.272786 7.63806e-05 0)
(0.273251 0.000106818 0)
(0.273955 0.000129348 0)
(0.274879 0.000147005 9.90369e-20)
(0.276009 0.000162708 -9.87402e-20)
(0.277339 0.00017919 0)
(0.278866 0.000197362 0)
(0.280593 0.000218085 0)
(0.282524 0.000241269 -1.97984e-19)
(0.284662 0.000267025 1.96885e-19)
(0.287015 0.000295551 0)
(0.28959 0.00032687 0)
(0.292394 0.000360817 0)
(0.295434 0.000397118 0)
(0.298712 0.000435446 0)
(0.30223 0.000475412 0)
(0.305988 0.000516508 0)
(0.30998 0.000558001 0)
(0.314195 0.00059868 1.82904e-19)
(0.318617 0.000636511 -1.80959e-19)
(0.32319 0.000665084 0)
(0.32806 0.000685848 3.49794e-19)
(0.332463 0.000642345 -3.47219e-19)
(0.335957 0.000569379 8.56582e-20)
(0.338769 0.000535627 0)
(0.341322 0.000532676 3.34796e-19)
(0.343488 0.000513025 -3.37458e-19)
(0.345229 0.000464576 -3.76573e-21)
(0.34647 0.000393 -1.68549e-19)
(0.347156 0.000305769 -1.66164e-19)
(0.347247 0.000208195 0)
(0.346716 0.000105726 1.63281e-19)
(0.345557 3.88564e-06 1.63064e-19)
(0.343738 -9.92937e-05 4.10253e-19)
(0.341197 -0.000205507 -1.61341e-21)
(0.337861 -0.000315788 -1.70314e-21)
(0.333634 -0.000434289 -8.32165e-20)
(0.328427 -0.000557978 -3.50417e-19)
(0.322248 -0.000674546 3.11704e-20)
(0.315217 -0.000772107 3.272e-19)
(0.307527 -0.000841764 -3.39387e-19)
(0.299725 -0.000841591 -2.07439e-20)
(0.293014 -0.000722766 2.12361e-20)
(0.28827 -0.00054341 0)
(0.285366 -0.000356388 -1.28711e-21)
)
;

boundaryField
{
    inlet
    {
        type            cyclic;
    }
    outlet
    {
        type            cyclic;
    }
    topWall
    {
        type            fixedValue;
        value           uniform (0 0 0);
    }
    bottomWall
    {
        type            fixedValue;
        value           uniform (0 0 0);
    }
    defaultFaces
    {
        type            empty;
    }
}


// ************************************************************************* //
